ZSUP    # states: 1112    state set: 0 ... 1111    initial state: 0

marker states:       

      0 

vocal states: none


# transitions: 3776

transitions: 

[    0, 11,    1]  [    0, 21,    2]  [    0, 33,    3]  [    0, 41,    4]  
[    0, 51,    5]  [    1, 10,    6]  [    1, 33,    7]  [    1, 41,    8]  
[    1, 51,    9]  [    2, 18,   10]  [    2, 51,   11]  [    3, 11,    7]  
[    3, 34,   12]  [    3, 41,   13]  [    3, 51,   14]  [    4, 11,    8]  
[    4, 33,   13]  [    4, 40,   15]  [    5, 11,    9]  [    5, 21,   11]  
[    5, 33,   14]  [    5, 50,   16]  [    6, 13,   17]  [    6, 21,   18]  
[    6, 33,   19]  [    6, 41,   20]  [    6, 51,   21]  [    7, 10,   19]  
[    7, 34,   22]  [    7, 41,   23]  [    7, 51,   24]  [    8, 10,   20]  
[    8, 33,   23]  [    8, 40,   25]  [    9, 10,   21]  [    9, 33,   24]  
[    9, 50,   26]  [   10, 20,   27]  [   10, 41,   28]  [   10, 51,   29]  
[   11, 18,   29]  [   11, 50,   31]  [   12, 11,   22]  [   12, 21,   30]  
[   12, 31,   32]  [   12, 41,   33]  [   12, 51,   34]  [   13, 11,   23]  
[   13, 34,   33]  [   13, 40,   35]  [   14, 11,   24]  [   14, 34,   34]  
[   14, 50,   36]  [   15, 11,   25]  [   15, 21,   37]  [   15, 33,   35]  
[   15, 42,   38]  [   16, 11,   26]  [   16, 21,   31]  [   16, 33,   36]  
[   16, 41,   39]  [   16, 53,   40]  [   17, 12,    0]  [   17, 33,   41]  
[   17, 41,   42]  [   17, 51,   43]  [   18, 18,   44]  [   18, 51,   45]  
[   19, 13,   41]  [   19, 34,   46]  [   19, 41,   47]  [   19, 51,   48]  
[   20, 13,   42]  [   20, 33,   47]  [   20, 40,   49]  [   21, 13,   43]  
[   21, 21,   45]  [   21, 33,   48]  [   21, 50,   50]  [   22, 10,   46]  
[   22, 31,   51]  [   22, 41,   52]  [   22, 51,   53]  [   23, 10,   47]  
[   23, 34,   52]  [   23, 40,   54]  [   24, 10,   48]  [   24, 34,   53]  
[   24, 50,   55]  [   25, 10,   49]  [   25, 33,   54]  [   25, 42,   56]  
[   26, 10,   50]  [   26, 33,   55]  [   26, 41,   57]  [   26, 53,   58]  
[   27, 22,   59]  [   27, 33,   60]  [   27, 41,   61]  [   27, 51,   62]  
[   28, 20,   61]  [   28, 40,   63]  [   29, 20,   62]  [   29, 50,   64]  
[   30, 18,   65]  [   30, 51,   66]  [   31, 18,   64]  [   31, 53,   67]  
[   32, 11,   51]  [   32, 32,    0]  [   32, 41,   68]  [   32, 51,   69]  
[   33, 11,   52]  [   33, 31,   68]  [   33, 40,   70]  [   34, 11,   53]  
[   34, 21,   66]  [   34, 31,   69]  [   34, 50,   71]  [   35, 11,   54]  
[   35, 34,   70]  [   35, 42,   72]  [   36, 11,   55]  [   36, 34,   71]  
[   36, 41,   73]  [   36, 53,   74]  [   37, 18,   63]  [   37, 42,   75]  
[   38, 11,   56]  [   38, 21,   75]  [   38, 33,   72]  [   38, 43,   76]  
[   38, 51,   77]  [   39, 11,   57]  [   39, 33,   73]  [   39, 40,   78]  
[   40, 11,   58]  [   40, 21,   67]  [   40, 33,   74]  [   40, 52,    0]  
[   41, 12,    3]  [   41, 34,   79]  [   41, 41,   80]  [   41, 51,   81]  
[   42, 12,    4]  [   42, 33,   80]  [   42, 40,   82]  [   43, 12,    5]  
[   43, 33,   81]  [   43, 50,   83]  [   44, 20,   84]  [   44, 41,   85]  
[   44, 51,   86]  [   45, 18,   86]  [   45, 50,   88]  [   46, 13,   79]  
[   46, 21,   87]  [   46, 31,   89]  [   46, 41,   90]  [   46, 51,   91]  
[   47, 13,   80]  [   47, 34,   90]  [   47, 40,   92]  [   48, 13,   81]  
[   48, 34,   91]  [   48, 50,   93]  [   49, 13,   82]  [   49, 21,   94]  
[   49, 33,   92]  [   49, 42,   95]  [   50, 13,   83]  [   50, 21,   88]  
[   50, 33,   93]  [   50, 41,   96]  [   50, 53,   97]  [   51, 10,   89]  
[   51, 32,    1]  [   51, 41,   98]  [   51, 51,   99]  [   52, 10,   90]  
[   52, 31,   98]  [   52, 40,  100]  [   53, 10,   91]  [   53, 31,   99]  
[   53, 50,  101]  [   54, 10,   92]  [   54, 34,  100]  [   54, 42,  102]  
[   55, 10,   93]  [   55, 34,  101]  [   55, 41,  103]  [   55, 53,  104]  
[   56, 10,   95]  [   56, 33,  102]  [   56, 43,  105]  [   56, 51,  106]  
[   57, 10,   96]  [   57, 33,  103]  [   57, 40,  107]  [   58, 10,   97]  
[   58, 33,  104]  [   58, 52,    1]  [   59, 11,  108]  [   59, 23,  109]  
[   59, 33,  110]  [   59, 41,  111]  [   59, 51,  112]  [   60, 22,  110]  
[   60, 34,  113]  [   60, 41,  114]  [   60, 51,  115]  [   61, 22,  111]  
[   61, 33,  114]  [   61, 40,  116]  [   62, 22,  112]  [   62, 33,  115]  
[   62, 50,  117]  [   63, 20,  116]  [   63, 42,  118]  [   64, 20,  117]  
[   64, 41,  119]  [   64, 53,  120]  [   65, 20,  113]  [   65, 41,  121]  
[   65, 51,  122]  [   66, 18,  122]  [   66, 50,  123]  [   67, 18,  120]  
[   67, 52,    2]  [   68, 11,   98]  [   68, 32,    4]  [   68, 40,  124]  
[   69, 11,   99]  [   69, 32,    5]  [   69, 50,  125]  [   70, 11,  100]  
[   70, 21,  126]  [   70, 31,  124]  [   70, 42,  127]  [   71, 11,  101]  
[   71, 21,  123]  [   71, 31,  125]  [   71, 41,  128]  [   71, 53,  129]  
[   72, 11,  102]  [   72, 34,  127]  [   72, 43,  130]  [   72, 51,  131]  
[   73, 11,  103]  [   73, 34,  128]  [   73, 40,  132]  [   74, 11,  104]  
[   74, 34,  129]  [   74, 52,    3]  [   75, 18,  118]  [   75, 51,  133]  
[   76, 11,  105]  [   76, 33,  130]  [   76, 44,  134]  [   77, 11,  106]  
[   77, 21,  133]  [   77, 33,  131]  [   77, 50,  135]  [   78, 11,  107]  
[   78, 21,  136]  [   78, 33,  132]  [   78, 42,  135]  [   79, 12,   12]  
[   79, 31,  137]  [   79, 41,  138]  [   79, 51,  139]  [   80, 12,   13]  
[   80, 34,  138]  [   80, 40,  140]  [   81, 12,   14]  [   81, 34,  139]  
[   81, 50,  141]  [   82, 12,   15]  [   82, 33,  140]  [   82, 42,  142]  
[   83, 12,   16]  [   83, 33,  141]  [   83, 41,  143]  [   83, 53,  144]  
[   84, 22,  145]  [   84, 33,  146]  [   84, 41,  147]  [   84, 51,  148]  
[   85, 20,  147]  [   85, 40,  149]  [   86, 20,  148]  [   86, 50,  150]  
[   87, 18,  151]  [   87, 51,  152]  [   88, 18,  150]  [   88, 53,  153]  
[   89, 13,  137]  [   89, 32,    6]  [   89, 41,  154]  [   89, 51,  155]  
[   90, 13,  138]  [   90, 31,  154]  [   90, 40,  156]  [   91, 13,  139]  
[   91, 21,  152]  [   91, 31,  155]  [   91, 50,  157]  [   92, 13,  140]  
[   92, 34,  156]  [   92, 42,  158]  [   93, 13,  141]  [   93, 34,  157]  
[   93, 41,  159]  [   93, 53,  160]  [   94, 18,  149]  [   94, 42,  161]  
[   95, 13,  142]  [   95, 21,  161]  [   95, 33,  158]  [   95, 43,  162]  
[   95, 51,  163]  [   96, 13,  143]  [   96, 33,  159]  [   96, 40,  164]  
[   97, 13,  144]  [   97, 21,  153]  [   97, 33,  160]  [   97, 52,    6]  
[   98, 10,  154]  [   98, 32,    8]  [   98, 40,  165]  [   99, 10,  155]  
[   99, 32,    9]  [   99, 50,  166]  [  100, 10,  156]  [  100, 31,  165]  
[  100, 42,  167]  [  101, 10,  157]  [  101, 31,  166]  [  101, 41,  168]  
[  101, 53,  169]  [  102, 10,  158]  [  102, 34,  167]  [  102, 43,  170]  
[  102, 51,  171]  [  103, 10,  159]  [  103, 34,  168]  [  103, 40,  172]  
[  104, 10,  160]  [  104, 34,  169]  [  104, 52,    7]  [  105, 10,  162]  
[  105, 33,  170]  [  105, 44,  173]  [  106, 10,  163]  [  106, 33,  171]  
[  106, 50,  174]  [  107, 10,  164]  [  107, 33,  172]  [  107, 42,  174]  
[  108, 10,  145]  [  108, 33,  175]  [  108, 41,  176]  [  108, 51,  177]  
[  109, 24,  178]  [  109, 51,  179]  [  110, 11,  175]  [  110, 34,  180]  
[  110, 41,  181]  [  110, 51,  182]  [  111, 11,  176]  [  111, 33,  181]  
[  111, 40,  183]  [  112, 11,  177]  [  112, 23,  179]  [  112, 33,  182]  
[  112, 50,  184]  [  113, 22,  180]  [  113, 31,  185]  [  113, 41,  186]  
[  113, 51,  187]  [  114, 22,  181]  [  114, 34,  186]  [  114, 40,  188]  
[  115, 22,  182]  [  115, 34,  187]  [  115, 50,  189]  [  116, 22,  183]  
[  116, 33,  188]  [  116, 42,  190]  [  117, 22,  184]  [  117, 33,  189]  
[  117, 41,  191]  [  117, 53,  192]  [  118, 20,  190]  [  118, 43,  193]  
[  118, 51,  194]  [  119, 20,  191]  [  119, 40,  195]  [  120, 20,  192]  
[  120, 52,   10]  [  121, 20,  186]  [  121, 40,  196]  [  122, 20,  187]  
[  122, 50,  197]  [  123, 18,  197]  [  123, 53,  198]  [  124, 11,  165]  
[  124, 32,   15]  [  124, 42,  199]  [  125, 11,  166]  [  125, 32,   16]  
[  125, 41,  200]  [  125, 53,  201]  [  126, 18,  196]  [  126, 42,  202]  
[  127, 11,  167]  [  127, 21,  202]  [  127, 31,  199]  [  127, 43,  203]  
[  127, 51,  204]  [  128, 11,  168]  [  128, 31,  200]  [  128, 40,  205]  
[  129, 11,  169]  [  129, 21,  198]  [  129, 31,  201]  [  129, 52,   12]  
[  130, 11,  170]  [  130, 34,  203]  [  130, 44,  206]  [  131, 11,  171]  
[  131, 34,  204]  [  131, 50,  207]  [  132, 11,  172]  [  132, 34,  205]  
[  132, 42,  207]  [  133, 18,  194]  [  133, 50,  208]  [  134, 11,  173]  
[  134, 33,  206]  [  134, 46,    0]  [  134, 51,  209]  [  135, 11,  174]  
[  135, 21,  208]  [  135, 33,  207]  [  135, 43,  210]  [  135, 53,  211]  
[  136, 18,  195]  [  136, 42,  208]  [  137, 12,   32]  [  137, 32,   17]  
[  137, 41,  212]  [  137, 51,  213]  [  138, 12,   33]  [  138, 31,  212]  
[  138, 40,  214]  [  139, 12,   34]  [  139, 31,  213]  [  139, 50,  215]  
[  140, 12,   35]  [  140, 34,  214]  [  140, 42,  216]  [  141, 12,   36]  
[  141, 34,  215]  [  141, 41,  217]  [  141, 53,  218]  [  142, 12,   38]  
[  142, 33,  216]  [  142, 43,  219]  [  142, 51,  220]  [  143, 12,   39]  
[  143, 33,  217]  [  143, 40,  221]  [  144, 12,   40]  [  144, 33,  218]  
[  144, 52,   17]  [  145, 13,  222]  [  145, 23,  223]  [  145, 33,  224]  
[  145, 41,  225]  [  145, 51,  226]  [  146, 22,  224]  [  146, 34,  227]  
[  146, 41,  228]  [  146, 51,  229]  [  147, 22,  225]  [  147, 33,  228]  
[  147, 40,  230]  [  148, 22,  226]  [  148, 33,  229]  [  148, 50,  231]  
[  149, 20,  230]  [  149, 42,  232]  [  150, 20,  231]  [  150, 41,  233]  
[  150, 53,  234]  [  151, 20,  227]  [  151, 41,  235]  [  151, 51,  236]  
[  152, 18,  236]  [  152, 50,  237]  [  153, 18,  234]  [  153, 52,   18]  
[  154, 13,  212]  [  154, 32,   20]  [  154, 40,  238]  [  155, 13,  213]  
[  155, 32,   21]  [  155, 50,  239]  [  156, 13,  214]  [  156, 21,  240]  
[  156, 31,  238]  [  156, 42,  241]  [  157, 13,  215]  [  157, 21,  237]  
[  157, 31,  239]  [  157, 41,  242]  [  157, 53,  243]  [  158, 13,  216]  
[  158, 34,  241]  [  158, 43,  244]  [  158, 51,  245]  [  159, 13,  217]  
[  159, 34,  242]  [  159, 40,  246]  [  160, 13,  218]  [  160, 34,  243]  
[  160, 52,   19]  [  161, 18,  232]  [  161, 51,  247]  [  162, 13,  219]  
[  162, 33,  244]  [  162, 44,  248]  [  163, 13,  220]  [  163, 21,  247]  
[  163, 33,  245]  [  163, 50,  249]  [  164, 13,  221]  [  164, 21,  250]  
[  164, 33,  246]  [  164, 42,  249]  [  165, 10,  238]  [  165, 32,   25]  
[  165, 42,  251]  [  166, 10,  239]  [  166, 32,   26]  [  166, 41,  252]  
[  166, 53,  253]  [  167, 10,  241]  [  167, 31,  251]  [  167, 43,  254]  
[  167, 51,  255]  [  168, 10,  242]  [  168, 31,  252]  [  168, 40,  256]  
[  169, 10,  243]  [  169, 31,  253]  [  169, 52,   22]  [  170, 10,  244]  
[  170, 34,  254]  [  170, 44,  257]  [  171, 10,  245]  [  171, 34,  255]  
[  171, 50,  258]  [  172, 10,  246]  [  172, 34,  256]  [  172, 42,  258]  
[  173, 10,  248]  [  173, 33,  257]  [  173, 46,    1]  [  173, 51,  259]  
[  174, 10,  249]  [  174, 33,  258]  [  174, 43,  260]  [  174, 53,  261]  
[  175, 10,  224]  [  175, 34,  262]  [  175, 41,  263]  [  175, 51,  264]  
[  176, 10,  225]  [  176, 33,  263]  [  176, 40,  265]  [  177, 10,  226]  
[  177, 33,  264]  [  177, 50,  266]  [  178, 11,  267]  [  178, 26,  268]  
[  178, 51,  269]  [  179, 24,  269]  [  179, 50,  272]  [  180, 11,  262]  
[  180, 23,  270]  [  180, 31,  273]  [  180, 41,  274]  [  180, 51,  275]  
[  181, 11,  263]  [  181, 34,  274]  [  181, 40,  276]  [  182, 11,  264]  
[  182, 34,  275]  [  182, 50,  277]  [  183, 11,  265]  [  183, 23,  271]  
[  183, 33,  276]  [  183, 42,  278]  [  184, 11,  266]  [  184, 23,  272]  
[  184, 33,  277]  [  184, 41,  279]  [  184, 53,  280]  [  185, 22,  273]  
[  185, 32,   27]  [  185, 41,  281]  [  185, 51,  282]  [  186, 22,  274]  
[  186, 31,  281]  [  186, 40,  283]  [  187, 22,  275]  [  187, 31,  282]  
[  187, 50,  284]  [  188, 22,  276]  [  188, 34,  283]  [  188, 42,  285]  
[  189, 22,  277]  [  189, 34,  284]  [  189, 41,  286]  [  189, 53,  287]  
[  190, 22,  278]  [  190, 33,  285]  [  190, 43,  288]  [  190, 51,  289]  
[  191, 22,  279]  [  191, 33,  286]  [  191, 40,  290]  [  192, 22,  280]  
[  192, 33,  287]  [  192, 52,   27]  [  193, 20,  288]  [  193, 44,  291]  
[  194, 20,  289]  [  194, 50,  292]  [  195, 20,  290]  [  195, 42,  292]  
[  196, 20,  283]  [  196, 42,  293]  [  197, 20,  284]  [  197, 41,  294]  
[  197, 53,  295]  [  198, 18,  295]  [  198, 52,   30]  [  199, 11,  251]  
[  199, 32,   38]  [  199, 43,  296]  [  199, 51,  297]  [  200, 11,  252]  
[  200, 32,   39]  [  200, 40,  298]  [  201, 11,  253]  [  201, 32,   40]  
[  201, 52,   32]  [  202, 18,  293]  [  202, 51,  299]  [  203, 11,  254]  
[  203, 31,  296]  [  203, 44,  300]  [  204, 11,  255]  [  204, 21,  299]  
[  204, 31,  297]  [  204, 50,  301]  [  205, 11,  256]  [  205, 21,  302]  
[  205, 31,  298]  [  205, 42,  301]  [  206, 11,  257]  [  206, 34,  300]  
[  206, 46,    3]  [  206, 51,  303]  [  207, 11,  258]  [  207, 34,  301]  
[  207, 43,  304]  [  207, 53,  305]  [  208, 18,  292]  [  208, 53,  306]  
[  209, 11,  259]  [  209, 33,  303]  [  209, 46,    5]  [  209, 50,  307]  
[  210, 11,  260]  [  210, 33,  304]  [  210, 44,  307]  [  211, 11,  261]  
[  211, 21,  306]  [  211, 33,  305]  [  211, 52,   38]  [  212, 12,   68]  
[  212, 32,   42]  [  212, 40,  308]  [  213, 12,   69]  [  213, 32,   43]  
[  213, 50,  309]  [  214, 12,   70]  [  214, 31,  308]  [  214, 42,  310]  
[  215, 12,   71]  [  215, 31,  309]  [  215, 41,  311]  [  215, 53,  312]  
[  216, 12,   72]  [  216, 34,  310]  [  216, 43,  313]  [  216, 51,  314]  
[  217, 12,   73]  [  217, 34,  311]  [  217, 40,  315]  [  218, 12,   74]  
[  218, 34,  312]  [  218, 52,   41]  [  219, 12,   76]  [  219, 33,  313]  
[  219, 44,  316]  [  220, 12,   77]  [  220, 33,  314]  [  220, 50,  317]  
[  221, 12,   78]  [  221, 33,  315]  [  221, 42,  317]  [  222, 12,   59]  
[  222, 33,  318]  [  222, 41,  319]  [  222, 51,  320]  [  223, 24,  321]  
[  223, 51,  322]  [  224, 13,  318]  [  224, 34,  323]  [  224, 41,  324]  
[  224, 51,  325]  [  225, 13,  319]  [  225, 33,  324]  [  225, 40,  326]  
[  226, 13,  320]  [  226, 23,  322]  [  226, 33,  325]  [  226, 50,  327]  
[  227, 22,  323]  [  227, 31,  328]  [  227, 41,  329]  [  227, 51,  330]  
[  228, 22,  324]  [  228, 34,  329]  [  228, 40,  331]  [  229, 22,  325]  
[  229, 34,  330]  [  229, 50,  332]  [  230, 22,  326]  [  230, 33,  331]  
[  230, 42,  333]  [  231, 22,  327]  [  231, 33,  332]  [  231, 41,  334]  
[  231, 53,  335]  [  232, 20,  333]  [  232, 43,  336]  [  232, 51,  337]  
[  233, 20,  334]  [  233, 40,  338]  [  234, 20,  335]  [  234, 52,   44]  
[  235, 20,  329]  [  235, 40,  339]  [  236, 20,  330]  [  236, 50,  340]  
[  237, 18,  340]  [  237, 53,  341]  [  238, 13,  308]  [  238, 32,   49]  
[  238, 42,  342]  [  239, 13,  309]  [  239, 32,   50]  [  239, 41,  343]  
[  239, 53,  344]  [  240, 18,  339]  [  240, 42,  345]  [  241, 13,  310]  
[  241, 21,  345]  [  241, 31,  342]  [  241, 43,  346]  [  241, 51,  347]  
[  242, 13,  311]  [  242, 31,  343]  [  242, 40,  348]  [  243, 13,  312]  
[  243, 21,  341]  [  243, 31,  344]  [  243, 52,   46]  [  244, 13,  313]  
[  244, 34,  346]  [  244, 44,  349]  [  245, 13,  314]  [  245, 34,  347]  
[  245, 50,  350]  [  246, 13,  315]  [  246, 34,  348]  [  246, 42,  350]  
[  247, 18,  337]  [  247, 50,  351]  [  248, 13,  316]  [  248, 33,  349]  
[  248, 46,    6]  [  248, 51,  352]  [  249, 13,  317]  [  249, 21,  351]  
[  249, 33,  350]  [  249, 43,  353]  [  249, 53,  354]  [  250, 18,  338]  
[  250, 42,  351]  [  251, 10,  342]  [  251, 32,   56]  [  251, 43,  355]  
[  251, 51,  356]  [  252, 10,  343]  [  252, 32,   57]  [  252, 40,  357]  
[  253, 10,  344]  [  253, 32,   58]  [  253, 52,   51]  [  254, 10,  346]  
[  254, 31,  355]  [  254, 44,  358]  [  255, 10,  347]  [  255, 31,  356]  
[  255, 50,  359]  [  256, 10,  348]  [  256, 31,  357]  [  256, 42,  359]  
[  257, 10,  349]  [  257, 34,  358]  [  257, 46,    7]  [  257, 51,  360]  
[  258, 10,  350]  [  258, 34,  359]  [  258, 43,  361]  [  258, 53,  362]  
[  259, 10,  352]  [  259, 33,  360]  [  259, 46,    9]  [  259, 50,  363]  
[  260, 10,  353]  [  260, 33,  361]  [  260, 44,  363]  [  261, 10,  354]  
[  261, 33,  362]  [  261, 52,   56]  [  262, 10,  323]  [  262, 31,  364]  
[  262, 41,  365]  [  262, 51,  366]  [  263, 10,  324]  [  263, 34,  365]  
[  263, 40,  367]  [  264, 10,  325]  [  264, 34,  366]  [  264, 50,  368]  
[  265, 10,  326]  [  265, 33,  367]  [  265, 42,  369]  [  266, 10,  327]  
[  266, 33,  368]  [  266, 41,  370]  [  266, 53,  371]  [  267, 10,  321]  
[  267, 26,  372]  [  267, 51,  373]  [  268, 11,  372]  [  268, 28,    0]  
[  268, 33,  374]  [  268, 51,  375]  [  269, 11,  373]  [  269, 26,  375]  
[  269, 50,  377]  [  270, 24,  378]  [  270, 51,  379]  [  271, 24,  376]  
[  271, 42,  380]  [  272, 24,  377]  [  272, 53,  381]  [  273, 11,  364]  
[  273, 32,   59]  [  273, 41,  382]  [  273, 51,  383]  [  274, 11,  365]  
[  274, 31,  382]  [  274, 40,  384]  [  275, 11,  366]  [  275, 23,  379]  
[  275, 31,  383]  [  275, 50,  385]  [  276, 11,  367]  [  276, 34,  384]  
[  276, 42,  386]  [  277, 11,  368]  [  277, 34,  385]  [  277, 41,  387]  
[  277, 53,  388]  [  278, 11,  369]  [  278, 23,  380]  [  278, 33,  386]  
[  278, 43,  389]  [  278, 51,  390]  [  279, 11,  370]  [  279, 33,  387]  
[  279, 40,  391]  [  280, 11,  371]  [  280, 23,  381]  [  280, 33,  388]  
[  280, 52,   59]  [  281, 22,  382]  [  281, 32,   61]  [  281, 40,  392]  
[  282, 22,  383]  [  282, 32,   62]  [  282, 50,  393]  [  283, 22,  384]  
[  283, 31,  392]  [  283, 42,  394]  [  284, 22,  385]  [  284, 31,  393]  
[  284, 41,  395]  [  284, 53,  396]  [  285, 22,  386]  [  285, 34,  394]  
[  285, 43,  397]  [  285, 51,  398]  [  286, 22,  387]  [  286, 34,  395]  
[  286, 40,  399]  [  287, 22,  388]  [  287, 34,  396]  [  287, 52,   60]  
[  288, 22,  389]  [  288, 33,  397]  [  288, 44,  400]  [  289, 22,  390]  
[  289, 33,  398]  [  289, 50,  401]  [  290, 22,  391]  [  290, 33,  399]  
[  290, 42,  401]  [  291, 20,  400]  [  291, 46,   10]  [  291, 51,  402]  
[  292, 20,  401]  [  292, 43,  403]  [  292, 53,  404]  [  293, 20,  394]  
[  293, 43,  405]  [  293, 51,  406]  [  294, 20,  395]  [  294, 40,  407]  
[  295, 20,  396]  [  295, 52,   65]  [  296, 11,  355]  [  296, 32,   76]  
[  296, 44,  408]  [  297, 11,  356]  [  297, 32,   77]  [  297, 50,  409]  
[  298, 11,  357]  [  298, 32,   78]  [  298, 42,  409]  [  299, 18,  406]  
[  299, 50,  410]  [  300, 11,  358]  [  300, 31,  408]  [  300, 46,   12]  
[  300, 51,  411]  [  301, 11,  359]  [  301, 21,  410]  [  301, 31,  409]  
[  301, 43,  412]  [  301, 53,  413]  [  302, 18,  407]  [  302, 42,  410]  
[  303, 11,  360]  [  303, 34,  411]  [  303, 46,   14]  [  303, 50,  414]  
[  304, 11,  361]  [  304, 34,  412]  [  304, 44,  414]  [  305, 11,  362]  
[  305, 34,  413]  [  305, 52,   72]  [  306, 18,  404]  [  306, 52,   75]  
[  307, 11,  363]  [  307, 33,  414]  [  307, 46,   16]  [  307, 53,  415]  
[  308, 12,  124]  [  308, 32,   82]  [  308, 42,  416]  [  309, 12,  125]  
[  309, 32,   83]  [  309, 41,  417]  [  309, 53,  418]  [  310, 12,  127]  
[  310, 31,  416]  [  310, 43,  419]  [  310, 51,  420]  [  311, 12,  128]  
[  311, 31,  417]  [  311, 40,  421]  [  312, 12,  129]  [  312, 31,  418]  
[  312, 52,   79]  [  313, 12,  130]  [  313, 34,  419]  [  313, 44,  422]  
[  314, 12,  131]  [  314, 34,  420]  [  314, 50,  423]  [  315, 12,  132]  
[  315, 34,  421]  [  315, 42,  423]  [  316, 12,  134]  [  316, 33,  422]  
[  316, 46,   17]  [  316, 51,  424]  [  317, 12,  135]  [  317, 33,  423]  
[  317, 43,  425]  [  317, 53,  426]  [  318, 12,  110]  [  318, 34,  427]  
[  318, 41,  428]  [  318, 51,  429]  [  319, 12,  111]  [  319, 33,  428]  
[  319, 40,  430]  [  320, 12,  112]  [  320, 33,  429]  [  320, 50,  431]  
[  321, 13,  432]  [  321, 26,  433]  [  321, 51,  434]  [  322, 24,  434]  
[  322, 50,  437]  [  323, 13,  427]  [  323, 23,  435]  [  323, 31,  438]  
[  323, 41,  439]  [  323, 51,  440]  [  324, 13,  428]  [  324, 34,  439]  
[  324, 40,  441]  [  325, 13,  429]  [  325, 34,  440]  [  325, 50,  442]  
[  326, 13,  430]  [  326, 23,  436]  [  326, 33,  441]  [  326, 42,  443]  
[  327, 13,  431]  [  327, 23,  437]  [  327, 33,  442]  [  327, 41,  444]  
[  327, 53,  445]  [  328, 22,  438]  [  328, 32,   84]  [  328, 41,  446]  
[  328, 51,  447]  [  329, 22,  439]  [  329, 31,  446]  [  329, 40,  448]  
[  330, 22,  440]  [  330, 31,  447]  [  330, 50,  449]  [  331, 22,  441]  
[  331, 34,  448]  [  331, 42,  450]  [  332, 22,  442]  [  332, 34,  449]  
[  332, 41,  451]  [  332, 53,  452]  [  333, 22,  443]  [  333, 33,  450]  
[  333, 43,  453]  [  333, 51,  454]  [  334, 22,  444]  [  334, 33,  451]  
[  334, 40,  455]  [  335, 22,  445]  [  335, 33,  452]  [  335, 52,   84]  
[  336, 20,  453]  [  336, 44,  456]  [  337, 20,  454]  [  337, 50,  457]  
[  338, 20,  455]  [  338, 42,  457]  [  339, 20,  448]  [  339, 42,  458]  
[  340, 20,  449]  [  340, 41,  459]  [  340, 53,  460]  [  341, 18,  460]  
[  341, 52,   87]  [  342, 13,  416]  [  342, 32,   95]  [  342, 43,  461]  
[  342, 51,  462]  [  343, 13,  417]  [  343, 32,   96]  [  343, 40,  463]  
[  344, 13,  418]  [  344, 32,   97]  [  344, 52,   89]  [  345, 18,  458]  
[  345, 51,  464]  [  346, 13,  419]  [  346, 31,  461]  [  346, 44,  465]  
[  347, 13,  420]  [  347, 21,  464]  [  347, 31,  462]  [  347, 50,  466]  
[  348, 13,  421]  [  348, 21,  467]  [  348, 31,  463]  [  348, 42,  466]  
[  349, 13,  422]  [  349, 34,  465]  [  349, 46,   19]  [  349, 51,  468]  
[  350, 13,  423]  [  350, 34,  466]  [  350, 43,  469]  [  350, 53,  470]  
[  351, 18,  457]  [  351, 53,  471]  [  352, 13,  424]  [  352, 33,  468]  
[  352, 46,   21]  [  352, 50,  472]  [  353, 13,  425]  [  353, 33,  469]  
[  353, 44,  472]  [  354, 13,  426]  [  354, 21,  471]  [  354, 33,  470]  
[  354, 52,   95]  [  355, 10,  461]  [  355, 32,  105]  [  355, 44,  473]  
[  356, 10,  462]  [  356, 32,  106]  [  356, 50,  474]  [  357, 10,  463]  
[  357, 32,  107]  [  357, 42,  474]  [  358, 10,  465]  [  358, 31,  473]  
[  358, 46,   22]  [  358, 51,  475]  [  359, 10,  466]  [  359, 31,  474]  
[  359, 43,  476]  [  359, 53,  477]  [  360, 10,  468]  [  360, 34,  475]  
[  360, 46,   24]  [  360, 50,  478]  [  361, 10,  469]  [  361, 34,  476]  
[  361, 44,  478]  [  362, 10,  470]  [  362, 34,  477]  [  362, 52,  102]  
[  363, 10,  472]  [  363, 33,  478]  [  363, 46,   26]  [  363, 53,  479]  
[  364, 10,  438]  [  364, 32,  108]  [  364, 41,  480]  [  364, 51,  481]  
[  365, 10,  439]  [  365, 31,  480]  [  365, 40,  482]  [  366, 10,  440]  
[  366, 31,  481]  [  366, 50,  483]  [  367, 10,  441]  [  367, 34,  482]  
[  367, 42,  484]  [  368, 10,  442]  [  368, 34,  483]  [  368, 41,  485]  
[  368, 53,  486]  [  369, 10,  443]  [  369, 33,  484]  [  369, 43,  487]  
[  369, 51,  488]  [  370, 10,  444]  [  370, 33,  485]  [  370, 40,  489]  
[  371, 10,  445]  [  371, 33,  486]  [  371, 52,  108]  [  372, 10,  433]  
[  372, 28,    1]  [  372, 33,  490]  [  372, 51,  491]  [  373, 10,  434]  
[  373, 26,  491]  [  373, 50,  493]  [  374, 11,  490]  [  374, 28,    3]  
[  374, 34,  494]  [  374, 51,  495]  [  375, 11,  491]  [  375, 28,    5]  
[  375, 33,  495]  [  375, 50,  496]  [  376, 11,  492]  [  376, 26,  497]  
[  376, 42,  498]  [  377, 11,  493]  [  377, 26,  496]  [  377, 53,  499]  
[  378, 11,  500]  [  378, 26,  494]  [  378, 51,  501]  [  379, 24,  501]  
[  379, 50,  503]  [  380, 24,  498]  [  380, 51,  504]  [  381, 24,  499]  
[  381, 52,  109]  [  382, 11,  480]  [  382, 32,  111]  [  382, 40,  506]  
[  383, 11,  481]  [  383, 32,  112]  [  383, 50,  507]  [  384, 11,  482]  
[  384, 23,  502]  [  384, 31,  506]  [  384, 42,  508]  [  385, 11,  483]  
[  385, 23,  503]  [  385, 31,  507]  [  385, 41,  509]  [  385, 53,  510]  
[  386, 11,  484]  [  386, 34,  508]  [  386, 43,  511]  [  386, 51,  512]  
[  387, 11,  485]  [  387, 34,  509]  [  387, 40,  513]  [  388, 11,  486]  
[  388, 34,  510]  [  388, 52,  110]  [  389, 11,  487]  [  389, 33,  511]  
[  389, 44,  514]  [  390, 11,  488]  [  390, 23,  504]  [  390, 33,  512]  
[  390, 50,  515]  [  391, 11,  489]  [  391, 23,  505]  [  391, 33,  513]  
[  391, 42,  515]  [  392, 22,  506]  [  392, 32,  116]  [  392, 42,  516]  
[  393, 22,  507]  [  393, 32,  117]  [  393, 41,  517]  [  393, 53,  518]  
[  394, 22,  508]  [  394, 31,  516]  [  394, 43,  519]  [  394, 51,  520]  
[  395, 22,  509]  [  395, 31,  517]  [  395, 40,  521]  [  396, 22,  510]  
[  396, 31,  518]  [  396, 52,  113]  [  397, 22,  511]  [  397, 34,  519]  
[  397, 44,  522]  [  398, 22,  512]  [  398, 34,  520]  [  398, 50,  523]  
[  399, 22,  513]  [  399, 34,  521]  [  399, 42,  523]  [  400, 22,  514]  
[  400, 33,  522]  [  400, 46,   27]  [  400, 51,  524]  [  401, 22,  515]  
[  401, 33,  523]  [  401, 43,  525]  [  401, 53,  526]  [  402, 20,  524]  
[  402, 46,   29]  [  402, 50,  527]  [  403, 20,  525]  [  403, 44,  527]  
[  404, 20,  526]  [  404, 52,  118]  [  405, 20,  519]  [  405, 44,  528]  
[  406, 20,  520]  [  406, 50,  529]  [  407, 20,  521]  [  407, 42,  529]  
[  408, 11,  473]  [  408, 32,  134]  [  408, 46,   32]  [  408, 51,  530]  
[  409, 11,  474]  [  409, 32,  135]  [  409, 43,  531]  [  409, 53,  532]  
[  410, 18,  529]  [  410, 53,  533]  [  411, 11,  475]  [  411, 31,  530]  
[  411, 46,   34]  [  411, 50,  534]  [  412, 11,  476]  [  412, 31,  531]  
[  412, 44,  534]  [  413, 11,  477]  [  413, 21,  533]  [  413, 31,  532]  
[  413, 52,  127]  [  414, 11,  478]  [  414, 34,  534]  [  414, 46,   36]  
[  414, 53,  535]  [  415, 11,  479]  [  415, 33,  535]  [  415, 46,   40]  
[  415, 52,  134]  [  416, 12,  199]  [  416, 32,  142]  [  416, 43,  536]  
[  416, 51,  537]  [  417, 12,  200]  [  417, 32,  143]  [  417, 40,  538]  
[  418, 12,  201]  [  418, 32,  144]  [  418, 52,  137]  [  419, 12,  203]  
[  419, 31,  536]  [  419, 44,  539]  [  420, 12,  204]  [  420, 31,  537]  
[  420, 50,  540]  [  421, 12,  205]  [  421, 31,  538]  [  421, 42,  540]  
[  422, 12,  206]  [  422, 34,  539]  [  422, 46,   41]  [  422, 51,  541]  
[  423, 12,  207]  [  423, 34,  540]  [  423, 43,  542]  [  423, 53,  543]  
[  424, 12,  209]  [  424, 33,  541]  [  424, 46,   43]  [  424, 50,  544]  
[  425, 12,  210]  [  425, 33,  542]  [  425, 44,  544]  [  426, 12,  211]  
[  426, 33,  543]  [  426, 52,  142]  [  427, 12,  180]  [  427, 31,  545]  
[  427, 41,  546]  [  427, 51,  547]  [  428, 12,  181]  [  428, 34,  546]  
[  428, 40,  548]  [  429, 12,  182]  [  429, 34,  547]  [  429, 50,  549]  
[  430, 12,  183]  [  430, 33,  548]  [  430, 42,  550]  [  431, 12,  184]  
[  431, 33,  549]  [  431, 41,  551]  [  431, 53,  552]  [  432, 12,  178]  
[  432, 26,  553]  [  432, 51,  554]  [  433, 13,  553]  [  433, 28,    6]  
[  433, 33,  555]  [  433, 51,  556]  [  434, 13,  554]  [  434, 26,  556]  
[  434, 50,  558]  [  435, 24,  559]  [  435, 51,  560]  [  436, 24,  557]  
[  436, 42,  561]  [  437, 24,  558]  [  437, 53,  562]  [  438, 13,  545]  
[  438, 32,  145]  [  438, 41,  563]  [  438, 51,  564]  [  439, 13,  546]  
[  439, 31,  563]  [  439, 40,  565]  [  440, 13,  547]  [  440, 23,  560]  
[  440, 31,  564]  [  440, 50,  566]  [  441, 13,  548]  [  441, 34,  565]  
[  441, 42,  567]  [  442, 13,  549]  [  442, 34,  566]  [  442, 41,  568]  
[  442, 53,  569]  [  443, 13,  550]  [  443, 23,  561]  [  443, 33,  567]  
[  443, 43,  570]  [  443, 51,  571]  [  444, 13,  551]  [  444, 33,  568]  
[  444, 40,  572]  [  445, 13,  552]  [  445, 23,  562]  [  445, 33,  569]  
[  445, 52,  145]  [  446, 22,  563]  [  446, 32,  147]  [  446, 40,  573]  
[  447, 22,  564]  [  447, 32,  148]  [  447, 50,  574]  [  448, 22,  565]  
[  448, 31,  573]  [  448, 42,  575]  [  449, 22,  566]  [  449, 31,  574]  
[  449, 41,  576]  [  449, 53,  577]  [  450, 22,  567]  [  450, 34,  575]  
[  450, 43,  578]  [  450, 51,  579]  [  451, 22,  568]  [  451, 34,  576]  
[  451, 40,  580]  [  452, 22,  569]  [  452, 34,  577]  [  452, 52,  146]  
[  453, 22,  570]  [  453, 33,  578]  [  453, 44,  581]  [  454, 22,  571]  
[  454, 33,  579]  [  454, 50,  582]  [  455, 22,  572]  [  455, 33,  580]  
[  455, 42,  582]  [  456, 20,  581]  [  456, 46,   44]  [  456, 51,  583]  
[  457, 20,  582]  [  457, 43,  584]  [  457, 53,  585]  [  458, 20,  575]  
[  458, 43,  586]  [  458, 51,  587]  [  459, 20,  576]  [  459, 40,  588]  
[  460, 20,  577]  [  460, 52,  151]  [  461, 13,  536]  [  461, 32,  162]  
[  461, 44,  589]  [  462, 13,  537]  [  462, 32,  163]  [  462, 50,  590]  
[  463, 13,  538]  [  463, 32,  164]  [  463, 42,  590]  [  464, 18,  587]  
[  464, 50,  591]  [  465, 13,  539]  [  465, 31,  589]  [  465, 46,   46]  
[  465, 51,  592]  [  466, 13,  540]  [  466, 21,  591]  [  466, 31,  590]  
[  466, 43,  593]  [  466, 53,  594]  [  467, 18,  588]  [  467, 42,  591]  
[  468, 13,  541]  [  468, 34,  592]  [  468, 46,   48]  [  468, 50,  595]  
[  469, 13,  542]  [  469, 34,  593]  [  469, 44,  595]  [  470, 13,  543]  
[  470, 34,  594]  [  470, 52,  158]  [  471, 18,  585]  [  471, 52,  161]  
[  472, 13,  544]  [  472, 33,  595]  [  472, 46,   50]  [  472, 53,  596]  
[  473, 10,  589]  [  473, 32,  173]  [  473, 46,   51]  [  473, 51,  597]  
[  474, 10,  590]  [  474, 32,  174]  [  474, 43,  598]  [  474, 53,  599]  
[  475, 10,  592]  [  475, 31,  597]  [  475, 46,   53]  [  475, 50,  600]  
[  476, 10,  593]  [  476, 31,  598]  [  476, 44,  600]  [  477, 10,  594]  
[  477, 31,  599]  [  477, 52,  167]  [  478, 10,  595]  [  478, 34,  600]  
[  478, 46,   55]  [  478, 53,  601]  [  479, 10,  596]  [  479, 33,  601]  
[  479, 46,   58]  [  479, 52,  173]  [  480, 10,  563]  [  480, 32,  176]  
[  480, 40,  602]  [  481, 10,  564]  [  481, 32,  177]  [  481, 50,  603]  
[  482, 10,  565]  [  482, 31,  602]  [  482, 42,  604]  [  483, 10,  566]  
[  483, 31,  603]  [  483, 41,  605]  [  483, 53,  606]  [  484, 10,  567]  
[  484, 34,  604]  [  484, 43,  607]  [  484, 51,  608]  [  485, 10,  568]  
[  485, 34,  605]  [  485, 40,  609]  [  486, 10,  569]  [  486, 34,  606]  
[  486, 52,  175]  [  487, 10,  570]  [  487, 33,  607]  [  487, 44,  610]  
[  488, 10,  571]  [  488, 33,  608]  [  488, 50,  611]  [  489, 10,  572]  
[  489, 33,  609]  [  489, 42,  611]  [  490, 10,  555]  [  490, 28,    7]  
[  490, 34,  612]  [  490, 51,  613]  [  491, 10,  556]  [  491, 28,    9]  
[  491, 33,  613]  [  491, 50,  614]  [  492, 10,  557]  [  492, 26,  615]  
[  492, 42,  616]  [  493, 10,  558]  [  493, 26,  614]  [  493, 53,  617]  
[  494, 11,  612]  [  494, 28,   12]  [  494, 31,  618]  [  494, 51,  619]  
[  495, 11,  613]  [  495, 28,   14]  [  495, 34,  619]  [  495, 50,  620]  
[  496, 11,  614]  [  496, 28,   16]  [  496, 33,  620]  [  496, 53,  621]  
[  497, 11,  615]  [  497, 28,   15]  [  497, 33,  622]  [  497, 42,  623]  
[  498, 11,  616]  [  498, 26,  623]  [  498, 51,  624]  [  499, 11,  617]  
[  499, 26,  621]  [  499, 52,  178]  [  500, 10,  559]  [  500, 26,  612]  
[  500, 51,  626]  [  501, 11,  626]  [  501, 26,  619]  [  501, 50,  628]  
[  502, 24,  627]  [  502, 42,  629]  [  503, 24,  628]  [  503, 53,  630]  
[  504, 24,  624]  [  504, 50,  631]  [  505, 24,  625]  [  505, 42,  631]  
[  506, 11,  602]  [  506, 32,  183]  [  506, 42,  632]  [  507, 11,  603]  
[  507, 32,  184]  [  507, 41,  633]  [  507, 53,  634]  [  508, 11,  604]  
[  508, 23,  629]  [  508, 31,  632]  [  508, 43,  635]  [  508, 51,  636]  
[  509, 11,  605]  [  509, 31,  633]  [  509, 40,  637]  [  510, 11,  606]  
[  510, 23,  630]  [  510, 31,  634]  [  510, 52,  180]  [  511, 11,  607]  
[  511, 34,  635]  [  511, 44,  638]  [  512, 11,  608]  [  512, 34,  636]  
[  512, 50,  639]  [  513, 11,  609]  [  513, 34,  637]  [  513, 42,  639]  
[  514, 11,  610]  [  514, 33,  638]  [  514, 46,   59]  [  514, 51,  640]  
[  515, 11,  611]  [  515, 23,  631]  [  515, 33,  639]  [  515, 43,  641]  
[  515, 53,  642]  [  516, 22,  632]  [  516, 32,  190]  [  516, 43,  643]  
[  516, 51,  644]  [  517, 22,  633]  [  517, 32,  191]  [  517, 40,  645]  
[  518, 22,  634]  [  518, 32,  192]  [  518, 52,  185]  [  519, 22,  635]  
[  519, 31,  643]  [  519, 44,  646]  [  520, 22,  636]  [  520, 31,  644]  
[  520, 50,  647]  [  521, 22,  637]  [  521, 31,  645]  [  521, 42,  647]  
[  522, 22,  638]  [  522, 34,  646]  [  522, 46,   60]  [  522, 51,  648]  
[  523, 22,  639]  [  523, 34,  647]  [  523, 43,  649]  [  523, 53,  650]  
[  524, 22,  640]  [  524, 33,  648]  [  524, 46,   62]  [  524, 50,  651]  
[  525, 22,  641]  [  525, 33,  649]  [  525, 44,  651]  [  526, 22,  642]  
[  526, 33,  650]  [  526, 52,  190]  [  527, 20,  651]  [  527, 46,   64]  
[  527, 53,  652]  [  528, 20,  646]  [  528, 46,   65]  [  528, 51,  653]  
[  529, 20,  647]  [  529, 43,  654]  [  529, 53,  655]  [  530, 11,  597]  
[  530, 32,  209]  [  530, 46,   69]  [  530, 50,  656]  [  531, 11,  598]  
[  531, 32,  210]  [  531, 44,  656]  [  532, 11,  599]  [  532, 32,  211]  
[  532, 52,  199]  [  533, 18,  655]  [  533, 52,  202]  [  534, 11,  600]  
[  534, 31,  656]  [  534, 46,   71]  [  534, 53,  657]  [  535, 11,  601]  
[  535, 34,  657]  [  535, 46,   74]  [  535, 52,  206]  [  536, 12,  296]  
[  536, 32,  219]  [  536, 44,  658]  [  537, 12,  297]  [  537, 32,  220]  
[  537, 50,  659]  [  538, 12,  298]  [  538, 32,  221]  [  538, 42,  659]  
[  539, 12,  300]  [  539, 31,  658]  [  539, 46,   79]  [  539, 51,  660]  
[  540, 12,  301]  [  540, 31,  659]  [  540, 43,  661]  [  540, 53,  662]  
[  541, 12,  303]  [  541, 34,  660]  [  541, 46,   81]  [  541, 50,  663]  
[  542, 12,  304]  [  542, 34,  661]  [  542, 44,  663]  [  543, 12,  305]  
[  543, 34,  662]  [  543, 52,  216]  [  544, 12,  307]  [  544, 33,  663]  
[  544, 46,   83]  [  544, 53,  664]  [  545, 12,  273]  [  545, 32,  222]  
[  545, 41,  665]  [  545, 51,  666]  [  546, 12,  274]  [  546, 31,  665]  
[  546, 40,  667]  [  547, 12,  275]  [  547, 31,  666]  [  547, 50,  668]  
[  548, 12,  276]  [  548, 34,  667]  [  548, 42,  669]  [  549, 12,  277]  
[  549, 34,  668]  [  549, 41,  670]  [  549, 53,  671]  [  550, 12,  278]  
[  550, 33,  669]  [  550, 43,  672]  [  550, 51,  673]  [  551, 12,  279]  
[  551, 33,  670]  [  551, 40,  674]  [  552, 12,  280]  [  552, 33,  671]  
[  552, 52,  222]  [  553, 12,  268]  [  553, 28,   17]  [  553, 33,  675]  
[  553, 51,  676]  [  554, 12,  269]  [  554, 26,  676]  [  554, 50,  678]  
[  555, 13,  675]  [  555, 28,   19]  [  555, 34,  679]  [  555, 51,  680]  
[  556, 13,  676]  [  556, 28,   21]  [  556, 33,  680]  [  556, 50,  681]  
[  557, 13,  677]  [  557, 26,  682]  [  557, 42,  683]  [  558, 13,  678]  
[  558, 26,  681]  [  558, 53,  684]  [  559, 13,  685]  [  559, 26,  679]  
[  559, 51,  686]  [  560, 24,  686]  [  560, 50,  688]  [  561, 24,  683]  
[  561, 51,  689]  [  562, 24,  684]  [  562, 52,  223]  [  563, 13,  665]  
[  563, 32,  225]  [  563, 40,  691]  [  564, 13,  666]  [  564, 32,  226]  
[  564, 50,  692]  [  565, 13,  667]  [  565, 23,  687]  [  565, 31,  691]  
[  565, 42,  693]  [  566, 13,  668]  [  566, 23,  688]  [  566, 31,  692]  
[  566, 41,  694]  [  566, 53,  695]  [  567, 13,  669]  [  567, 34,  693]  
[  567, 43,  696]  [  567, 51,  697]  [  568, 13,  670]  [  568, 34,  694]  
[  568, 40,  698]  [  569, 13,  671]  [  569, 34,  695]  [  569, 52,  224]  
[  570, 13,  672]  [  570, 33,  696]  [  570, 44,  699]  [  571, 13,  673]  
[  571, 23,  689]  [  571, 33,  697]  [  571, 50,  700]  [  572, 13,  674]  
[  572, 23,  690]  [  572, 33,  698]  [  572, 42,  700]  [  573, 22,  691]  
[  573, 32,  230]  [  573, 42,  701]  [  574, 22,  692]  [  574, 32,  231]  
[  574, 41,  702]  [  574, 53,  703]  [  575, 22,  693]  [  575, 31,  701]  
[  575, 43,  704]  [  575, 51,  705]  [  576, 22,  694]  [  576, 31,  702]  
[  576, 40,  706]  [  577, 22,  695]  [  577, 31,  703]  [  577, 52,  227]  
[  578, 22,  696]  [  578, 34,  704]  [  578, 44,  707]  [  579, 22,  697]  
[  579, 34,  705]  [  579, 50,  708]  [  580, 22,  698]  [  580, 34,  706]  
[  580, 42,  708]  [  581, 22,  699]  [  581, 33,  707]  [  581, 46,   84]  
[  581, 51,  709]  [  582, 22,  700]  [  582, 33,  708]  [  582, 43,  710]  
[  582, 53,  711]  [  583, 20,  709]  [  583, 46,   86]  [  583, 50,  712]  
[  584, 20,  710]  [  584, 44,  712]  [  585, 20,  711]  [  585, 52,  232]  
[  586, 20,  704]  [  586, 44,  713]  [  587, 20,  705]  [  587, 50,  714]  
[  588, 20,  706]  [  588, 42,  714]  [  589, 13,  658]  [  589, 32,  248]  
[  589, 46,   89]  [  589, 51,  715]  [  590, 13,  659]  [  590, 32,  249]  
[  590, 43,  716]  [  590, 53,  717]  [  591, 18,  714]  [  591, 53,  718]  
[  592, 13,  660]  [  592, 31,  715]  [  592, 46,   91]  [  592, 50,  719]  
[  593, 13,  661]  [  593, 31,  716]  [  593, 44,  719]  [  594, 13,  662]  
[  594, 21,  718]  [  594, 31,  717]  [  594, 52,  241]  [  595, 13,  663]  
[  595, 34,  719]  [  595, 46,   93]  [  595, 53,  720]  [  596, 13,  664]  
[  596, 33,  720]  [  596, 46,   97]  [  596, 52,  248]  [  597, 10,  715]  
[  597, 32,  259]  [  597, 46,   99]  [  597, 50,  721]  [  598, 10,  716]  
[  598, 32,  260]  [  598, 44,  721]  [  599, 10,  717]  [  599, 32,  261]  
[  599, 52,  251]  [  600, 10,  719]  [  600, 31,  721]  [  600, 46,  101]  
[  600, 53,  722]  [  601, 10,  720]  [  601, 34,  722]  [  601, 46,  104]  
[  601, 52,  257]  [  602, 10,  691]  [  602, 32,  265]  [  602, 42,  723]  
[  603, 10,  692]  [  603, 32,  266]  [  603, 41,  724]  [  603, 53,  725]  
[  604, 10,  693]  [  604, 31,  723]  [  604, 43,  726]  [  604, 51,  727]  
[  605, 10,  694]  [  605, 31,  724]  [  605, 40,  728]  [  606, 10,  695]  
[  606, 31,  725]  [  606, 52,  262]  [  607, 10,  696]  [  607, 34,  726]  
[  607, 44,  729]  [  608, 10,  697]  [  608, 34,  727]  [  608, 50,  730]  
[  609, 10,  698]  [  609, 34,  728]  [  609, 42,  730]  [  610, 10,  699]  
[  610, 33,  729]  [  610, 46,  108]  [  610, 51,  731]  [  611, 10,  700]  
[  611, 33,  730]  [  611, 43,  732]  [  611, 53,  733]  [  612, 10,  679]  
[  612, 28,   22]  [  612, 31,  734]  [  612, 51,  735]  [  613, 10,  680]  
[  613, 28,   24]  [  613, 34,  735]  [  613, 50,  736]  [  614, 10,  681]  
[  614, 28,   26]  [  614, 33,  736]  [  614, 53,  737]  [  615, 10,  682]  
[  615, 28,   25]  [  615, 33,  738]  [  615, 42,  739]  [  616, 10,  683]  
[  616, 26,  739]  [  616, 51,  740]  [  617, 10,  684]  [  617, 26,  737]  
[  617, 52,  267]  [  618, 11,  734]  [  618, 28,   32]  [  618, 32,  268]  
[  618, 51,  742]  [  619, 11,  735]  [  619, 28,   34]  [  619, 31,  742]  
[  619, 50,  743]  [  620, 11,  736]  [  620, 28,   36]  [  620, 34,  743]  
[  620, 53,  744]  [  621, 11,  737]  [  621, 28,   40]  [  621, 33,  744]  
[  621, 52,  268]  [  622, 11,  738]  [  622, 28,   35]  [  622, 34,  745]  
[  622, 42,  746]  [  623, 11,  739]  [  623, 28,   38]  [  623, 33,  746]  
[  623, 51,  747]  [  624, 11,  740]  [  624, 26,  747]  [  624, 50,  748]  
[  625, 11,  741]  [  625, 26,  749]  [  625, 42,  748]  [  626, 10,  686]  
[  626, 26,  735]  [  626, 50,  751]  [  627, 11,  750]  [  627, 26,  745]  
[  627, 42,  752]  [  628, 11,  751]  [  628, 26,  743]  [  628, 53,  753]  
[  629, 24,  752]  [  629, 51,  754]  [  630, 24,  753]  [  630, 52,  270]  
[  631, 24,  748]  [  631, 53,  756]  [  632, 11,  723]  [  632, 32,  278]  
[  632, 43,  757]  [  632, 51,  758]  [  633, 11,  724]  [  633, 32,  279]  
[  633, 40,  759]  [  634, 11,  725]  [  634, 32,  280]  [  634, 52,  273]  
[  635, 11,  726]  [  635, 31,  757]  [  635, 44,  760]  [  636, 11,  727]  
[  636, 23,  754]  [  636, 31,  758]  [  636, 50,  761]  [  637, 11,  728]  
[  637, 23,  755]  [  637, 31,  759]  [  637, 42,  761]  [  638, 11,  729]  
[  638, 34,  760]  [  638, 46,  110]  [  638, 51,  762]  [  639, 11,  730]  
[  639, 34,  761]  [  639, 43,  763]  [  639, 53,  764]  [  640, 11,  731]  
[  640, 33,  762]  [  640, 46,  112]  [  640, 50,  765]  [  641, 11,  732]  
[  641, 33,  763]  [  641, 44,  765]  [  642, 11,  733]  [  642, 23,  756]  
[  642, 33,  764]  [  642, 52,  278]  [  643, 22,  757]  [  643, 32,  288]  
[  643, 44,  766]  [  644, 22,  758]  [  644, 32,  289]  [  644, 50,  767]  
[  645, 22,  759]  [  645, 32,  290]  [  645, 42,  767]  [  646, 22,  760]  
[  646, 31,  766]  [  646, 46,  113]  [  646, 51,  768]  [  647, 22,  761]  
[  647, 31,  767]  [  647, 43,  769]  [  647, 53,  770]  [  648, 22,  762]  
[  648, 34,  768]  [  648, 46,  115]  [  648, 50,  771]  [  649, 22,  763]  
[  649, 34,  769]  [  649, 44,  771]  [  650, 22,  764]  [  650, 34,  770]  
[  650, 52,  285]  [  651, 22,  765]  [  651, 33,  771]  [  651, 46,  117]  
[  651, 53,  772]  [  652, 20,  772]  [  652, 46,  120]  [  652, 52,  291]  
[  653, 20,  768]  [  653, 46,  122]  [  653, 50,  773]  [  654, 20,  769]  
[  654, 44,  773]  [  655, 20,  770]  [  655, 52,  293]  [  656, 11,  721]  
[  656, 32,  307]  [  656, 46,  125]  [  656, 53,  774]  [  657, 11,  722]  
[  657, 31,  774]  [  657, 46,  129]  [  657, 52,  300]  [  658, 12,  408]  
[  658, 32,  316]  [  658, 46,  137]  [  658, 51,  775]  [  659, 12,  409]  
[  659, 32,  317]  [  659, 43,  776]  [  659, 53,  777]  [  660, 12,  411]  
[  660, 31,  775]  [  660, 46,  139]  [  660, 50,  778]  [  661, 12,  412]  
[  661, 31,  776]  [  661, 44,  778]  [  662, 12,  413]  [  662, 31,  777]  
[  662, 52,  310]  [  663, 12,  414]  [  663, 34,  778]  [  663, 46,  141]  
[  663, 53,  779]  [  664, 12,  415]  [  664, 33,  779]  [  664, 46,  144]  
[  664, 52,  316]  [  665, 12,  382]  [  665, 32,  319]  [  665, 40,  780]  
[  666, 12,  383]  [  666, 32,  320]  [  666, 50,  781]  [  667, 12,  384]  
[  667, 31,  780]  [  667, 42,  782]  [  668, 12,  385]  [  668, 31,  781]  
[  668, 41,  783]  [  668, 53,  784]  [  669, 12,  386]  [  669, 34,  782]  
[  669, 43,  785]  [  669, 51,  786]  [  670, 12,  387]  [  670, 34,  783]  
[  670, 40,  787]  [  671, 12,  388]  [  671, 34,  784]  [  671, 52,  318]  
[  672, 12,  389]  [  672, 33,  785]  [  672, 44,  788]  [  673, 12,  390]  
[  673, 33,  786]  [  673, 50,  789]  [  674, 12,  391]  [  674, 33,  787]  
[  674, 42,  789]  [  675, 12,  374]  [  675, 28,   41]  [  675, 34,  790]  
[  675, 51,  791]  [  676, 12,  375]  [  676, 28,   43]  [  676, 33,  791]  
[  676, 50,  792]  [  677, 12,  376]  [  677, 26,  793]  [  677, 42,  794]  
[  678, 12,  377]  [  678, 26,  792]  [  678, 53,  795]  [  679, 13,  790]  
[  679, 28,   46]  [  679, 31,  796]  [  679, 51,  797]  [  680, 13,  791]  
[  680, 28,   48]  [  680, 34,  797]  [  680, 50,  798]  [  681, 13,  792]  
[  681, 28,   50]  [  681, 33,  798]  [  681, 53,  799]  [  682, 13,  793]  
[  682, 28,   49]  [  682, 33,  800]  [  682, 42,  801]  [  683, 13,  794]  
[  683, 26,  801]  [  683, 51,  802]  [  684, 13,  795]  [  684, 26,  799]  
[  684, 52,  321]  [  685, 12,  378]  [  685, 26,  790]  [  685, 51,  804]  
[  686, 13,  804]  [  686, 26,  797]  [  686, 50,  806]  [  687, 24,  805]  
[  687, 42,  807]  [  688, 24,  806]  [  688, 53,  808]  [  689, 24,  802]  
[  689, 50,  809]  [  690, 24,  803]  [  690, 42,  809]  [  691, 13,  780]  
[  691, 32,  326]  [  691, 42,  810]  [  692, 13,  781]  [  692, 32,  327]  
[  692, 41,  811]  [  692, 53,  812]  [  693, 13,  782]  [  693, 23,  807]  
[  693, 31,  810]  [  693, 43,  813]  [  693, 51,  814]  [  694, 13,  783]  
[  694, 31,  811]  [  694, 40,  815]  [  695, 13,  784]  [  695, 23,  808]  
[  695, 31,  812]  [  695, 52,  323]  [  696, 13,  785]  [  696, 34,  813]  
[  696, 44,  816]  [  697, 13,  786]  [  697, 34,  814]  [  697, 50,  817]  
[  698, 13,  787]  [  698, 34,  815]  [  698, 42,  817]  [  699, 13,  788]  
[  699, 33,  816]  [  699, 46,  145]  [  699, 51,  818]  [  700, 13,  789]  
[  700, 23,  809]  [  700, 33,  817]  [  700, 43,  819]  [  700, 53,  820]  
[  701, 22,  810]  [  701, 32,  333]  [  701, 43,  821]  [  701, 51,  822]  
[  702, 22,  811]  [  702, 32,  334]  [  702, 40,  823]  [  703, 22,  812]  
[  703, 32,  335]  [  703, 52,  328]  [  704, 22,  813]  [  704, 31,  821]  
[  704, 44,  824]  [  705, 22,  814]  [  705, 31,  822]  [  705, 50,  825]  
[  706, 22,  815]  [  706, 31,  823]  [  706, 42,  825]  [  707, 22,  816]  
[  707, 34,  824]  [  707, 46,  146]  [  707, 51,  826]  [  708, 22,  817]  
[  708, 34,  825]  [  708, 43,  827]  [  708, 53,  828]  [  709, 22,  818]  
[  709, 33,  826]  [  709, 46,  148]  [  709, 50,  829]  [  710, 22,  819]  
[  710, 33,  827]  [  710, 44,  829]  [  711, 22,  820]  [  711, 33,  828]  
[  711, 52,  333]  [  712, 20,  829]  [  712, 46,  150]  [  712, 53,  830]  
[  713, 20,  824]  [  713, 46,  151]  [  713, 51,  831]  [  714, 20,  825]  
[  714, 43,  832]  [  714, 53,  833]  [  715, 13,  775]  [  715, 32,  352]  
[  715, 46,  155]  [  715, 50,  834]  [  716, 13,  776]  [  716, 32,  353]  
[  716, 44,  834]  [  717, 13,  777]  [  717, 32,  354]  [  717, 52,  342]  
[  718, 18,  833]  [  718, 52,  345]  [  719, 13,  778]  [  719, 31,  834]  
[  719, 46,  157]  [  719, 53,  835]  [  720, 13,  779]  [  720, 34,  835]  
[  720, 46,  160]  [  720, 52,  349]  [  721, 10,  834]  [  721, 32,  363]  
[  721, 46,  166]  [  721, 53,  836]  [  722, 10,  835]  [  722, 31,  836]  
[  722, 46,  169]  [  722, 52,  358]  [  723, 10,  810]  [  723, 32,  369]  
[  723, 43,  837]  [  723, 51,  838]  [  724, 10,  811]  [  724, 32,  370]  
[  724, 40,  839]  [  725, 10,  812]  [  725, 32,  371]  [  725, 52,  364]  
[  726, 10,  813]  [  726, 31,  837]  [  726, 44,  840]  [  727, 10,  814]  
[  727, 31,  838]  [  727, 50,  841]  [  728, 10,  815]  [  728, 31,  839]  
[  728, 42,  841]  [  729, 10,  816]  [  729, 34,  840]  [  729, 46,  175]  
[  729, 51,  842]  [  730, 10,  817]  [  730, 34,  841]  [  730, 43,  843]  
[  730, 53,  844]  [  731, 10,  818]  [  731, 33,  842]  [  731, 46,  177]  
[  731, 50,  845]  [  732, 10,  819]  [  732, 33,  843]  [  732, 44,  845]  
[  733, 10,  820]  [  733, 33,  844]  [  733, 52,  369]  [  734, 10,  796]  
[  734, 28,   51]  [  734, 32,  372]  [  734, 51,  846]  [  735, 10,  797]  
[  735, 28,   53]  [  735, 31,  846]  [  735, 50,  847]  [  736, 10,  798]  
[  736, 28,   55]  [  736, 34,  847]  [  736, 53,  848]  [  737, 10,  799]  
[  737, 28,   58]  [  737, 33,  848]  [  737, 52,  372]  [  738, 10,  800]  
[  738, 28,   54]  [  738, 34,  849]  [  738, 42,  850]  [  739, 10,  801]  
[  739, 28,   56]  [  739, 33,  850]  [  739, 51,  851]  [  740, 10,  802]  
[  740, 26,  851]  [  740, 50,  852]  [  741, 10,  803]  [  741, 26,  853]  
[  741, 42,  852]  [  742, 11,  846]  [  742, 28,   69]  [  742, 32,  375]  
[  742, 50,  854]  [  743, 11,  847]  [  743, 28,   71]  [  743, 31,  854]  
[  743, 53,  855]  [  744, 11,  848]  [  744, 28,   74]  [  744, 34,  855]  
[  744, 52,  374]  [  745, 11,  849]  [  745, 28,   70]  [  745, 31,  856]  
[  745, 42,  857]  [  746, 11,  850]  [  746, 28,   72]  [  746, 34,  857]  
[  746, 51,  858]  [  747, 11,  851]  [  747, 28,   77]  [  747, 33,  858]  
[  747, 50,  859]  [  748, 11,  852]  [  748, 26,  859]  [  748, 53,  860]  
[  749, 11,  853]  [  749, 28,   78]  [  749, 33,  861]  [  749, 42,  859]  
[  750, 10,  805]  [  750, 26,  849]  [  750, 42,  862]  [  751, 10,  806]  
[  751, 26,  847]  [  751, 53,  863]  [  752, 11,  862]  [  752, 26,  857]  
[  752, 51,  864]  [  753, 11,  863]  [  753, 26,  855]  [  753, 52,  378]  
[  754, 24,  864]  [  754, 50,  866]  [  755, 24,  865]  [  755, 42,  866]  
[  756, 24,  860]  [  756, 52,  380]  [  757, 11,  837]  [  757, 32,  389]  
[  757, 44,  867]  [  758, 11,  838]  [  758, 32,  390]  [  758, 50,  868]  
[  759, 11,  839]  [  759, 32,  391]  [  759, 42,  868]  [  760, 11,  840]  
[  760, 31,  867]  [  760, 46,  180]  [  760, 51,  869]  [  761, 11,  841]  
[  761, 23,  866]  [  761, 31,  868]  [  761, 43,  870]  [  761, 53,  871]  
[  762, 11,  842]  [  762, 34,  869]  [  762, 46,  182]  [  762, 50,  872]  
[  763, 11,  843]  [  763, 34,  870]  [  763, 44,  872]  [  764, 11,  844]  
[  764, 34,  871]  [  764, 52,  386]  [  765, 11,  845]  [  765, 33,  872]  
[  765, 46,  184]  [  765, 53,  873]  [  766, 22,  867]  [  766, 32,  400]  
[  766, 46,  185]  [  766, 51,  874]  [  767, 22,  868]  [  767, 32,  401]  
[  767, 43,  875]  [  767, 53,  876]  [  768, 22,  869]  [  768, 31,  874]  
[  768, 46,  187]  [  768, 50,  877]  [  769, 22,  870]  [  769, 31,  875]  
[  769, 44,  877]  [  770, 22,  871]  [  770, 31,  876]  [  770, 52,  394]  
[  771, 22,  872]  [  771, 34,  877]  [  771, 46,  189]  [  771, 53,  878]  
[  772, 22,  873]  [  772, 33,  878]  [  772, 46,  192]  [  772, 52,  400]  
[  773, 20,  877]  [  773, 46,  197]  [  773, 53,  879]  [  774, 11,  836]  
[  774, 32,  415]  [  774, 46,  201]  [  774, 52,  408]  [  775, 12,  530]  
[  775, 32,  424]  [  775, 46,  213]  [  775, 50,  880]  [  776, 12,  531]  
[  776, 32,  425]  [  776, 44,  880]  [  777, 12,  532]  [  777, 32,  426]  
[  777, 52,  416]  [  778, 12,  534]  [  778, 31,  880]  [  778, 46,  215]  
[  778, 53,  881]  [  779, 12,  535]  [  779, 34,  881]  [  779, 46,  218]  
[  779, 52,  422]  [  780, 12,  506]  [  780, 32,  430]  [  780, 42,  882]  
[  781, 12,  507]  [  781, 32,  431]  [  781, 41,  883]  [  781, 53,  884]  
[  782, 12,  508]  [  782, 31,  882]  [  782, 43,  885]  [  782, 51,  886]  
[  783, 12,  509]  [  783, 31,  883]  [  783, 40,  887]  [  784, 12,  510]  
[  784, 31,  884]  [  784, 52,  427]  [  785, 12,  511]  [  785, 34,  885]  
[  785, 44,  888]  [  786, 12,  512]  [  786, 34,  886]  [  786, 50,  889]  
[  787, 12,  513]  [  787, 34,  887]  [  787, 42,  889]  [  788, 12,  514]  
[  788, 33,  888]  [  788, 46,  222]  [  788, 51,  890]  [  789, 12,  515]  
[  789, 33,  889]  [  789, 43,  891]  [  789, 53,  892]  [  790, 12,  494]  
[  790, 28,   79]  [  790, 31,  893]  [  790, 51,  894]  [  791, 12,  495]  
[  791, 28,   81]  [  791, 34,  894]  [  791, 50,  895]  [  792, 12,  496]  
[  792, 28,   83]  [  792, 33,  895]  [  792, 53,  896]  [  793, 12,  497]  
[  793, 28,   82]  [  793, 33,  897]  [  793, 42,  898]  [  794, 12,  498]  
[  794, 26,  898]  [  794, 51,  899]  [  795, 12,  499]  [  795, 26,  896]  
[  795, 52,  432]  [  796, 13,  893]  [  796, 28,   89]  [  796, 32,  433]  
[  796, 51,  901]  [  797, 13,  894]  [  797, 28,   91]  [  797, 31,  901]  
[  797, 50,  902]  [  798, 13,  895]  [  798, 28,   93]  [  798, 34,  902]  
[  798, 53,  903]  [  799, 13,  896]  [  799, 28,   97]  [  799, 33,  903]  
[  799, 52,  433]  [  800, 13,  897]  [  800, 28,   92]  [  800, 34,  904]  
[  800, 42,  905]  [  801, 13,  898]  [  801, 28,   95]  [  801, 33,  905]  
[  801, 51,  906]  [  802, 13,  899]  [  802, 26,  906]  [  802, 50,  907]  
[  803, 13,  900]  [  803, 26,  908]  [  803, 42,  907]  [  804, 12,  501]  
[  804, 26,  894]  [  804, 50,  910]  [  805, 13,  909]  [  805, 26,  904]  
[  805, 42,  911]  [  806, 13,  910]  [  806, 26,  902]  [  806, 53,  912]  
[  807, 24,  911]  [  807, 51,  913]  [  808, 24,  912]  [  808, 52,  435]  
[  809, 24,  907]  [  809, 53,  915]  [  810, 13,  882]  [  810, 32,  443]  
[  810, 43,  916]  [  810, 51,  917]  [  811, 13,  883]  [  811, 32,  444]  
[  811, 40,  918]  [  812, 13,  884]  [  812, 32,  445]  [  812, 52,  438]  
[  813, 13,  885]  [  813, 31,  916]  [  813, 44,  919]  [  814, 13,  886]  
[  814, 23,  913]  [  814, 31,  917]  [  814, 50,  920]  [  815, 13,  887]  
[  815, 23,  914]  [  815, 31,  918]  [  815, 42,  920]  [  816, 13,  888]  
[  816, 34,  919]  [  816, 46,  224]  [  816, 51,  921]  [  817, 13,  889]  
[  817, 34,  920]  [  817, 43,  922]  [  817, 53,  923]  [  818, 13,  890]  
[  818, 33,  921]  [  818, 46,  226]  [  818, 50,  924]  [  819, 13,  891]  
[  819, 33,  922]  [  819, 44,  924]  [  820, 13,  892]  [  820, 23,  915]  
[  820, 33,  923]  [  820, 52,  443]  [  821, 22,  916]  [  821, 32,  453]  
[  821, 44,  925]  [  822, 22,  917]  [  822, 32,  454]  [  822, 50,  926]  
[  823, 22,  918]  [  823, 32,  455]  [  823, 42,  926]  [  824, 22,  919]  
[  824, 31,  925]  [  824, 46,  227]  [  824, 51,  927]  [  825, 22,  920]  
[  825, 31,  926]  [  825, 43,  928]  [  825, 53,  929]  [  826, 22,  921]  
[  826, 34,  927]  [  826, 46,  229]  [  826, 50,  930]  [  827, 22,  922]  
[  827, 34,  928]  [  827, 44,  930]  [  828, 22,  923]  [  828, 34,  929]  
[  828, 52,  450]  [  829, 22,  924]  [  829, 33,  930]  [  829, 46,  231]  
[  829, 53,  931]  [  830, 20,  931]  [  830, 46,  234]  [  830, 52,  456]  
[  831, 20,  927]  [  831, 46,  236]  [  831, 50,  932]  [  832, 20,  928]  
[  832, 44,  932]  [  833, 20,  929]  [  833, 52,  458]  [  834, 13,  880]  
[  834, 32,  472]  [  834, 46,  239]  [  834, 53,  933]  [  835, 13,  881]  
[  835, 31,  933]  [  835, 46,  243]  [  835, 52,  465]  [  836, 10,  933]  
[  836, 32,  479]  [  836, 46,  253]  [  836, 52,  473]  [  837, 10,  916]  
[  837, 32,  487]  [  837, 44,  934]  [  838, 10,  917]  [  838, 32,  488]  
[  838, 50,  935]  [  839, 10,  918]  [  839, 32,  489]  [  839, 42,  935]  
[  840, 10,  919]  [  840, 31,  934]  [  840, 46,  262]  [  840, 51,  936]  
[  841, 10,  920]  [  841, 31,  935]  [  841, 43,  937]  [  841, 53,  938]  
[  842, 10,  921]  [  842, 34,  936]  [  842, 46,  264]  [  842, 50,  939]  
[  843, 10,  922]  [  843, 34,  937]  [  843, 44,  939]  [  844, 10,  923]  
[  844, 34,  938]  [  844, 52,  484]  [  845, 10,  924]  [  845, 33,  939]  
[  845, 46,  266]  [  845, 53,  940]  [  846, 10,  901]  [  846, 28,   99]  
[  846, 32,  491]  [  846, 50,  941]  [  847, 10,  902]  [  847, 28,  101]  
[  847, 31,  941]  [  847, 53,  942]  [  848, 10,  903]  [  848, 28,  104]  
[  848, 34,  942]  [  848, 52,  490]  [  849, 10,  904]  [  849, 28,  100]  
[  849, 31,  943]  [  849, 42,  944]  [  850, 10,  905]  [  850, 28,  102]  
[  850, 34,  944]  [  850, 51,  945]  [  851, 10,  906]  [  851, 28,  106]  
[  851, 33,  945]  [  851, 50,  946]  [  852, 10,  907]  [  852, 26,  946]  
[  852, 53,  947]  [  853, 10,  908]  [  853, 28,  107]  [  853, 33,  948]  
[  853, 42,  946]  [  854, 11,  941]  [  854, 28,  125]  [  854, 32,  496]  
[  854, 53,  949]  [  855, 11,  942]  [  855, 28,  129]  [  855, 31,  949]  
[  855, 52,  494]  [  856, 11,  943]  [  856, 28,  124]  [  856, 32,  497]  
[  856, 42,  950]  [  857, 11,  944]  [  857, 28,  127]  [  857, 31,  950]  
[  857, 51,  951]  [  858, 11,  945]  [  858, 28,  131]  [  858, 34,  951]  
[  858, 50,  952]  [  859, 11,  946]  [  859, 28,  135]  [  859, 33,  952]  
[  859, 53,  953]  [  860, 11,  947]  [  860, 26,  953]  [  860, 52,  498]  
[  861, 11,  948]  [  861, 28,  132]  [  861, 34,  954]  [  861, 42,  952]  
[  862, 10,  911]  [  862, 26,  944]  [  862, 51,  955]  [  863, 10,  912]  
[  863, 26,  942]  [  863, 52,  500]  [  864, 11,  955]  [  864, 26,  951]  
[  864, 50,  957]  [  865, 11,  956]  [  865, 26,  954]  [  865, 42,  957]  
[  866, 24,  957]  [  866, 53,  958]  [  867, 11,  934]  [  867, 32,  514]  
[  867, 46,  273]  [  867, 51,  959]  [  868, 11,  935]  [  868, 32,  515]  
[  868, 43,  960]  [  868, 53,  961]  [  869, 11,  936]  [  869, 31,  959]  
[  869, 46,  275]  [  869, 50,  962]  [  870, 11,  937]  [  870, 31,  960]  
[  870, 44,  962]  [  871, 11,  938]  [  871, 23,  958]  [  871, 31,  961]  
[  871, 52,  508]  [  872, 11,  939]  [  872, 34,  962]  [  872, 46,  277]  
[  872, 53,  963]  [  873, 11,  940]  [  873, 33,  963]  [  873, 46,  280]  
[  873, 52,  514]  [  874, 22,  959]  [  874, 32,  524]  [  874, 46,  282]  
[  874, 50,  964]  [  875, 22,  960]  [  875, 32,  525]  [  875, 44,  964]  
[  876, 22,  961]  [  876, 32,  526]  [  876, 52,  516]  [  877, 22,  962]  
[  877, 31,  964]  [  877, 46,  284]  [  877, 53,  965]  [  878, 22,  963]  
[  878, 34,  965]  [  878, 46,  287]  [  878, 52,  522]  [  879, 20,  965]  
[  879, 46,  295]  [  879, 52,  528]  [  880, 12,  656]  [  880, 32,  544]  
[  880, 46,  309]  [  880, 53,  966]  [  881, 12,  657]  [  881, 31,  966]  
[  881, 46,  312]  [  881, 52,  539]  [  882, 12,  632]  [  882, 32,  550]  
[  882, 43,  967]  [  882, 51,  968]  [  883, 12,  633]  [  883, 32,  551]  
[  883, 40,  969]  [  884, 12,  634]  [  884, 32,  552]  [  884, 52,  545]  
[  885, 12,  635]  [  885, 31,  967]  [  885, 44,  970]  [  886, 12,  636]  
[  886, 31,  968]  [  886, 50,  971]  [  887, 12,  637]  [  887, 31,  969]  
[  887, 42,  971]  [  888, 12,  638]  [  888, 34,  970]  [  888, 46,  318]  
[  888, 51,  972]  [  889, 12,  639]  [  889, 34,  971]  [  889, 43,  973]  
[  889, 53,  974]  [  890, 12,  640]  [  890, 33,  972]  [  890, 46,  320]  
[  890, 50,  975]  [  891, 12,  641]  [  891, 33,  973]  [  891, 44,  975]  
[  892, 12,  642]  [  892, 33,  974]  [  892, 52,  550]  [  893, 12,  618]  
[  893, 28,  137]  [  893, 32,  553]  [  893, 51,  976]  [  894, 12,  619]  
[  894, 28,  139]  [  894, 31,  976]  [  894, 50,  977]  [  895, 12,  620]  
[  895, 28,  141]  [  895, 34,  977]  [  895, 53,  978]  [  896, 12,  621]  
[  896, 28,  144]  [  896, 33,  978]  [  896, 52,  553]  [  897, 12,  622]  
[  897, 28,  140]  [  897, 34,  979]  [  897, 42,  980]  [  898, 12,  623]  
[  898, 28,  142]  [  898, 33,  980]  [  898, 51,  981]  [  899, 12,  624]  
[  899, 26,  981]  [  899, 50,  982]  [  900, 12,  625]  [  900, 26,  983]  
[  900, 42,  982]  [  901, 13,  976]  [  901, 28,  155]  [  901, 32,  556]  
[  901, 50,  984]  [  902, 13,  977]  [  902, 28,  157]  [  902, 31,  984]  
[  902, 53,  985]  [  903, 13,  978]  [  903, 28,  160]  [  903, 34,  985]  
[  903, 52,  555]  [  904, 13,  979]  [  904, 28,  156]  [  904, 31,  986]  
[  904, 42,  987]  [  905, 13,  980]  [  905, 28,  158]  [  905, 34,  987]  
[  905, 51,  988]  [  906, 13,  981]  [  906, 28,  163]  [  906, 33,  988]  
[  906, 50,  989]  [  907, 13,  982]  [  907, 26,  989]  [  907, 53,  990]  
[  908, 13,  983]  [  908, 28,  164]  [  908, 33,  991]  [  908, 42,  989]  
[  909, 12,  627]  [  909, 26,  979]  [  909, 42,  992]  [  910, 12,  628]  
[  910, 26,  977]  [  910, 53,  993]  [  911, 13,  992]  [  911, 26,  987]  
[  911, 51,  994]  [  912, 13,  993]  [  912, 26,  985]  [  912, 52,  559]  
[  913, 24,  994]  [  913, 50,  996]  [  914, 24,  995]  [  914, 42,  996]  
[  915, 24,  990]  [  915, 52,  561]  [  916, 13,  967]  [  916, 32,  570]  
[  916, 44,  997]  [  917, 13,  968]  [  917, 32,  571]  [  917, 50,  998]  
[  918, 13,  969]  [  918, 32,  572]  [  918, 42,  998]  [  919, 13,  970]  
[  919, 31,  997]  [  919, 46,  323]  [  919, 51,  999]  [  920, 13,  971]  
[  920, 23,  996]  [  920, 31,  998]  [  920, 43, 1000]  [  920, 53, 1001]  
[  921, 13,  972]  [  921, 34,  999]  [  921, 46,  325]  [  921, 50, 1002]  
[  922, 13,  973]  [  922, 34, 1000]  [  922, 44, 1002]  [  923, 13,  974]  
[  923, 34, 1001]  [  923, 52,  567]  [  924, 13,  975]  [  924, 33, 1002]  
[  924, 46,  327]  [  924, 53, 1003]  [  925, 22,  997]  [  925, 32,  581]  
[  925, 46,  328]  [  925, 51, 1004]  [  926, 22,  998]  [  926, 32,  582]  
[  926, 43, 1005]  [  926, 53, 1006]  [  927, 22,  999]  [  927, 31, 1004]  
[  927, 46,  330]  [  927, 50, 1007]  [  928, 22, 1000]  [  928, 31, 1005]  
[  928, 44, 1007]  [  929, 22, 1001]  [  929, 31, 1006]  [  929, 52,  575]  
[  930, 22, 1002]  [  930, 34, 1007]  [  930, 46,  332]  [  930, 53, 1008]  
[  931, 22, 1003]  [  931, 33, 1008]  [  931, 46,  335]  [  931, 52,  581]  
[  932, 20, 1007]  [  932, 46,  340]  [  932, 53, 1009]  [  933, 13,  966]  
[  933, 32,  596]  [  933, 46,  344]  [  933, 52,  589]  [  934, 10,  997]  
[  934, 32,  610]  [  934, 46,  364]  [  934, 51, 1010]  [  935, 10,  998]  
[  935, 32,  611]  [  935, 43, 1011]  [  935, 53, 1012]  [  936, 10,  999]  
[  936, 31, 1010]  [  936, 46,  366]  [  936, 50, 1013]  [  937, 10, 1000]  
[  937, 31, 1011]  [  937, 44, 1013]  [  938, 10, 1001]  [  938, 31, 1012]  
[  938, 52,  604]  [  939, 10, 1002]  [  939, 34, 1013]  [  939, 46,  368]  
[  939, 53, 1014]  [  940, 10, 1003]  [  940, 33, 1014]  [  940, 46,  371]  
[  940, 52,  610]  [  941, 10,  984]  [  941, 28,  166]  [  941, 32,  614]  
[  941, 53, 1015]  [  942, 10,  985]  [  942, 28,  169]  [  942, 31, 1015]  
[  942, 52,  612]  [  943, 10,  986]  [  943, 28,  165]  [  943, 32,  615]  
[  943, 42, 1016]  [  944, 10,  987]  [  944, 28,  167]  [  944, 31, 1016]  
[  944, 51, 1017]  [  945, 10,  988]  [  945, 28,  171]  [  945, 34, 1017]  
[  945, 50, 1018]  [  946, 10,  989]  [  946, 28,  174]  [  946, 33, 1018]  
[  946, 53, 1019]  [  947, 10,  990]  [  947, 26, 1019]  [  947, 52,  616]  
[  948, 10,  991]  [  948, 28,  172]  [  948, 34, 1020]  [  948, 42, 1018]  
[  949, 11, 1015]  [  949, 28,  201]  [  949, 32,  621]  [  949, 52,  618]  
[  950, 11, 1016]  [  950, 28,  199]  [  950, 32,  623]  [  950, 51, 1021]  
[  951, 11, 1017]  [  951, 28,  204]  [  951, 31, 1021]  [  951, 50, 1022]  
[  952, 11, 1018]  [  952, 28,  207]  [  952, 34, 1022]  [  952, 53, 1023]  
[  953, 11, 1019]  [  953, 28,  211]  [  953, 33, 1023]  [  953, 52,  623]  
[  954, 11, 1020]  [  954, 28,  205]  [  954, 31, 1024]  [  954, 42, 1022]  
[  955, 10,  994]  [  955, 26, 1017]  [  955, 50, 1025]  [  956, 10,  995]  
[  956, 26, 1020]  [  956, 42, 1025]  [  957, 11, 1025]  [  957, 26, 1022]  
[  957, 53, 1026]  [  958, 24, 1026]  [  958, 52,  629]  [  959, 11, 1010]  
[  959, 32,  640]  [  959, 46,  383]  [  959, 50, 1027]  [  960, 11, 1011]  
[  960, 32,  641]  [  960, 44, 1027]  [  961, 11, 1012]  [  961, 32,  642]  
[  961, 52,  632]  [  962, 11, 1013]  [  962, 31, 1027]  [  962, 46,  385]  
[  962, 53, 1028]  [  963, 11, 1014]  [  963, 34, 1028]  [  963, 46,  388]  
[  963, 52,  638]  [  964, 22, 1027]  [  964, 32,  651]  [  964, 46,  393]  
[  964, 53, 1029]  [  965, 22, 1028]  [  965, 31, 1029]  [  965, 46,  396]  
[  965, 52,  646]  [  966, 12,  774]  [  966, 32,  664]  [  966, 46,  418]  
[  966, 52,  658]  [  967, 12,  757]  [  967, 32,  672]  [  967, 44, 1030]  
[  968, 12,  758]  [  968, 32,  673]  [  968, 50, 1031]  [  969, 12,  759]  
[  969, 32,  674]  [  969, 42, 1031]  [  970, 12,  760]  [  970, 31, 1030]  
[  970, 46,  427]  [  970, 51, 1032]  [  971, 12,  761]  [  971, 31, 1031]  
[  971, 43, 1033]  [  971, 53, 1034]  [  972, 12,  762]  [  972, 34, 1032]  
[  972, 46,  429]  [  972, 50, 1035]  [  973, 12,  763]  [  973, 34, 1033]  
[  973, 44, 1035]  [  974, 12,  764]  [  974, 34, 1034]  [  974, 52,  669]  
[  975, 12,  765]  [  975, 33, 1035]  [  975, 46,  431]  [  975, 53, 1036]  
[  976, 12,  742]  [  976, 28,  213]  [  976, 32,  676]  [  976, 50, 1037]  
[  977, 12,  743]  [  977, 28,  215]  [  977, 31, 1037]  [  977, 53, 1038]  
[  978, 12,  744]  [  978, 28,  218]  [  978, 34, 1038]  [  978, 52,  675]  
[  979, 12,  745]  [  979, 28,  214]  [  979, 31, 1039]  [  979, 42, 1040]  
[  980, 12,  746]  [  980, 28,  216]  [  980, 34, 1040]  [  980, 51, 1041]  
[  981, 12,  747]  [  981, 28,  220]  [  981, 33, 1041]  [  981, 50, 1042]  
[  982, 12,  748]  [  982, 26, 1042]  [  982, 53, 1043]  [  983, 12,  749]  
[  983, 28,  221]  [  983, 33, 1044]  [  983, 42, 1042]  [  984, 13, 1037]  
[  984, 28,  239]  [  984, 32,  681]  [  984, 53, 1045]  [  985, 13, 1038]  
[  985, 28,  243]  [  985, 31, 1045]  [  985, 52,  679]  [  986, 13, 1039]  
[  986, 28,  238]  [  986, 32,  682]  [  986, 42, 1046]  [  987, 13, 1040]  
[  987, 28,  241]  [  987, 31, 1046]  [  987, 51, 1047]  [  988, 13, 1041]  
[  988, 28,  245]  [  988, 34, 1047]  [  988, 50, 1048]  [  989, 13, 1042]  
[  989, 28,  249]  [  989, 33, 1048]  [  989, 53, 1049]  [  990, 13, 1043]  
[  990, 26, 1049]  [  990, 52,  683]  [  991, 13, 1044]  [  991, 28,  246]  
[  991, 34, 1050]  [  991, 42, 1048]  [  992, 12,  752]  [  992, 26, 1040]  
[  992, 51, 1051]  [  993, 12,  753]  [  993, 26, 1038]  [  993, 52,  685]  
[  994, 13, 1051]  [  994, 26, 1047]  [  994, 50, 1053]  [  995, 13, 1052]  
[  995, 26, 1050]  [  995, 42, 1053]  [  996, 24, 1053]  [  996, 53, 1054]  
[  997, 13, 1030]  [  997, 32,  699]  [  997, 46,  438]  [  997, 51, 1055]  
[  998, 13, 1031]  [  998, 32,  700]  [  998, 43, 1056]  [  998, 53, 1057]  
[  999, 13, 1032]  [  999, 31, 1055]  [  999, 46,  440]  [  999, 50, 1058]  
[ 1000, 13, 1033]  [ 1000, 31, 1056]  [ 1000, 44, 1058]  [ 1001, 13, 1034]  
[ 1001, 23, 1054]  [ 1001, 31, 1057]  [ 1001, 52,  693]  [ 1002, 13, 1035]  
[ 1002, 34, 1058]  [ 1002, 46,  442]  [ 1002, 53, 1059]  [ 1003, 13, 1036]  
[ 1003, 33, 1059]  [ 1003, 46,  445]  [ 1003, 52,  699]  [ 1004, 22, 1055]  
[ 1004, 32,  709]  [ 1004, 46,  447]  [ 1004, 50, 1060]  [ 1005, 22, 1056]  
[ 1005, 32,  710]  [ 1005, 44, 1060]  [ 1006, 22, 1057]  [ 1006, 32,  711]  
[ 1006, 52,  701]  [ 1007, 22, 1058]  [ 1007, 31, 1060]  [ 1007, 46,  449]  
[ 1007, 53, 1061]  [ 1008, 22, 1059]  [ 1008, 34, 1061]  [ 1008, 46,  452]  
[ 1008, 52,  707]  [ 1009, 20, 1061]  [ 1009, 46,  460]  [ 1009, 52,  713]  
[ 1010, 10, 1055]  [ 1010, 32,  731]  [ 1010, 46,  481]  [ 1010, 50, 1062]  
[ 1011, 10, 1056]  [ 1011, 32,  732]  [ 1011, 44, 1062]  [ 1012, 10, 1057]  
[ 1012, 32,  733]  [ 1012, 52,  723]  [ 1013, 10, 1058]  [ 1013, 31, 1062]  
[ 1013, 46,  483]  [ 1013, 53, 1063]  [ 1014, 10, 1059]  [ 1014, 34, 1063]  
[ 1014, 46,  486]  [ 1014, 52,  729]  [ 1015, 10, 1045]  [ 1015, 28,  253]  
[ 1015, 32,  737]  [ 1015, 52,  734]  [ 1016, 10, 1046]  [ 1016, 28,  251]  
[ 1016, 32,  739]  [ 1016, 51, 1064]  [ 1017, 10, 1047]  [ 1017, 28,  255]  
[ 1017, 31, 1064]  [ 1017, 50, 1065]  [ 1018, 10, 1048]  [ 1018, 28,  258]  
[ 1018, 34, 1065]  [ 1018, 53, 1066]  [ 1019, 10, 1049]  [ 1019, 28,  261]  
[ 1019, 33, 1066]  [ 1019, 52,  739]  [ 1020, 10, 1050]  [ 1020, 28,  256]  
[ 1020, 31, 1067]  [ 1020, 42, 1065]  [ 1021, 11, 1064]  [ 1021, 28,  297]  
[ 1021, 32,  747]  [ 1021, 50, 1068]  [ 1022, 11, 1065]  [ 1022, 28,  301]  
[ 1022, 31, 1068]  [ 1022, 53, 1069]  [ 1023, 11, 1066]  [ 1023, 28,  305]  
[ 1023, 34, 1069]  [ 1023, 52,  746]  [ 1024, 11, 1067]  [ 1024, 28,  298]  
[ 1024, 32,  749]  [ 1024, 42, 1068]  [ 1025, 10, 1053]  [ 1025, 26, 1065]  
[ 1025, 53, 1070]  [ 1026, 11, 1070]  [ 1026, 26, 1069]  [ 1026, 52,  752]  
[ 1027, 11, 1062]  [ 1027, 32,  765]  [ 1027, 46,  507]  [ 1027, 53, 1071]  
[ 1028, 11, 1063]  [ 1028, 31, 1071]  [ 1028, 46,  510]  [ 1028, 52,  760]  
[ 1029, 22, 1071]  [ 1029, 32,  772]  [ 1029, 46,  518]  [ 1029, 52,  766]  
[ 1030, 12,  867]  [ 1030, 32,  788]  [ 1030, 46,  545]  [ 1030, 51, 1072]  
[ 1031, 12,  868]  [ 1031, 32,  789]  [ 1031, 43, 1073]  [ 1031, 53, 1074]  
[ 1032, 12,  869]  [ 1032, 31, 1072]  [ 1032, 46,  547]  [ 1032, 50, 1075]  
[ 1033, 12,  870]  [ 1033, 31, 1073]  [ 1033, 44, 1075]  [ 1034, 12,  871]  
[ 1034, 31, 1074]  [ 1034, 52,  782]  [ 1035, 12,  872]  [ 1035, 34, 1075]  
[ 1035, 46,  549]  [ 1035, 53, 1076]  [ 1036, 12,  873]  [ 1036, 33, 1076]  
[ 1036, 46,  552]  [ 1036, 52,  788]  [ 1037, 12,  854]  [ 1037, 28,  309]  
[ 1037, 32,  792]  [ 1037, 53, 1077]  [ 1038, 12,  855]  [ 1038, 28,  312]  
[ 1038, 31, 1077]  [ 1038, 52,  790]  [ 1039, 12,  856]  [ 1039, 28,  308]  
[ 1039, 32,  793]  [ 1039, 42, 1078]  [ 1040, 12,  857]  [ 1040, 28,  310]  
[ 1040, 31, 1078]  [ 1040, 51, 1079]  [ 1041, 12,  858]  [ 1041, 28,  314]  
[ 1041, 34, 1079]  [ 1041, 50, 1080]  [ 1042, 12,  859]  [ 1042, 28,  317]  
[ 1042, 33, 1080]  [ 1042, 53, 1081]  [ 1043, 12,  860]  [ 1043, 26, 1081]  
[ 1043, 52,  794]  [ 1044, 12,  861]  [ 1044, 28,  315]  [ 1044, 34, 1082]  
[ 1044, 42, 1080]  [ 1045, 13, 1077]  [ 1045, 28,  344]  [ 1045, 32,  799]  
[ 1045, 52,  796]  [ 1046, 13, 1078]  [ 1046, 28,  342]  [ 1046, 32,  801]  
[ 1046, 51, 1083]  [ 1047, 13, 1079]  [ 1047, 28,  347]  [ 1047, 31, 1083]  
[ 1047, 50, 1084]  [ 1048, 13, 1080]  [ 1048, 28,  350]  [ 1048, 34, 1084]  
[ 1048, 53, 1085]  [ 1049, 13, 1081]  [ 1049, 28,  354]  [ 1049, 33, 1085]  
[ 1049, 52,  801]  [ 1050, 13, 1082]  [ 1050, 28,  348]  [ 1050, 31, 1086]  
[ 1050, 42, 1084]  [ 1051, 12,  864]  [ 1051, 26, 1079]  [ 1051, 50, 1087]  
[ 1052, 12,  865]  [ 1052, 26, 1082]  [ 1052, 42, 1087]  [ 1053, 13, 1087]  
[ 1053, 26, 1084]  [ 1053, 53, 1088]  [ 1054, 24, 1088]  [ 1054, 52,  807]  
[ 1055, 13, 1072]  [ 1055, 32,  818]  [ 1055, 46,  564]  [ 1055, 50, 1089]  
[ 1056, 13, 1073]  [ 1056, 32,  819]  [ 1056, 44, 1089]  [ 1057, 13, 1074]  
[ 1057, 32,  820]  [ 1057, 52,  810]  [ 1058, 13, 1075]  [ 1058, 31, 1089]  
[ 1058, 46,  566]  [ 1058, 53, 1090]  [ 1059, 13, 1076]  [ 1059, 34, 1090]  
[ 1059, 46,  569]  [ 1059, 52,  816]  [ 1060, 22, 1089]  [ 1060, 32,  829]  
[ 1060, 46,  574]  [ 1060, 53, 1091]  [ 1061, 22, 1090]  [ 1061, 31, 1091]  
[ 1061, 46,  577]  [ 1061, 52,  824]  [ 1062, 10, 1089]  [ 1062, 32,  845]  
[ 1062, 46,  603]  [ 1062, 53, 1092]  [ 1063, 10, 1090]  [ 1063, 31, 1092]  
[ 1063, 46,  606]  [ 1063, 52,  840]  [ 1064, 10, 1083]  [ 1064, 28,  356]  
[ 1064, 32,  851]  [ 1064, 50, 1093]  [ 1065, 10, 1084]  [ 1065, 28,  359]  
[ 1065, 31, 1093]  [ 1065, 53, 1094]  [ 1066, 10, 1085]  [ 1066, 28,  362]  
[ 1066, 34, 1094]  [ 1066, 52,  850]  [ 1067, 10, 1086]  [ 1067, 28,  357]  
[ 1067, 32,  853]  [ 1067, 42, 1093]  [ 1068, 11, 1093]  [ 1068, 28,  409]  
[ 1068, 32,  859]  [ 1068, 53, 1095]  [ 1069, 11, 1094]  [ 1069, 28,  413]  
[ 1069, 31, 1095]  [ 1069, 52,  857]  [ 1070, 10, 1088]  [ 1070, 26, 1094]  
[ 1070, 52,  862]  [ 1071, 11, 1092]  [ 1071, 32,  873]  [ 1071, 46,  634]  
[ 1071, 52,  867]  [ 1072, 12,  959]  [ 1072, 32,  890]  [ 1072, 46,  666]  
[ 1072, 50, 1096]  [ 1073, 12,  960]  [ 1073, 32,  891]  [ 1073, 44, 1096]  
[ 1074, 12,  961]  [ 1074, 32,  892]  [ 1074, 52,  882]  [ 1075, 12,  962]  
[ 1075, 31, 1096]  [ 1075, 46,  668]  [ 1075, 53, 1097]  [ 1076, 12,  963]  
[ 1076, 34, 1097]  [ 1076, 46,  671]  [ 1076, 52,  888]  [ 1077, 12,  949]  
[ 1077, 28,  418]  [ 1077, 32,  896]  [ 1077, 52,  893]  [ 1078, 12,  950]  
[ 1078, 28,  416]  [ 1078, 32,  898]  [ 1078, 51, 1098]  [ 1079, 12,  951]  
[ 1079, 28,  420]  [ 1079, 31, 1098]  [ 1079, 50, 1099]  [ 1080, 12,  952]  
[ 1080, 28,  423]  [ 1080, 34, 1099]  [ 1080, 53, 1100]  [ 1081, 12,  953]  
[ 1081, 28,  426]  [ 1081, 33, 1100]  [ 1081, 52,  898]  [ 1082, 12,  954]  
[ 1082, 28,  421]  [ 1082, 31, 1101]  [ 1082, 42, 1099]  [ 1083, 13, 1098]  
[ 1083, 28,  462]  [ 1083, 32,  906]  [ 1083, 50, 1102]  [ 1084, 13, 1099]  
[ 1084, 28,  466]  [ 1084, 31, 1102]  [ 1084, 53, 1103]  [ 1085, 13, 1100]  
[ 1085, 28,  470]  [ 1085, 34, 1103]  [ 1085, 52,  905]  [ 1086, 13, 1101]  
[ 1086, 28,  463]  [ 1086, 32,  908]  [ 1086, 42, 1102]  [ 1087, 12,  957]  
[ 1087, 26, 1099]  [ 1087, 53, 1104]  [ 1088, 13, 1104]  [ 1088, 26, 1103]  
[ 1088, 52,  911]  [ 1089, 13, 1096]  [ 1089, 32,  924]  [ 1089, 46,  692]  
[ 1089, 53, 1105]  [ 1090, 13, 1097]  [ 1090, 31, 1105]  [ 1090, 46,  695]  
[ 1090, 52,  919]  [ 1091, 22, 1105]  [ 1091, 32,  931]  [ 1091, 46,  703]  
[ 1091, 52,  925]  [ 1092, 10, 1105]  [ 1092, 32,  940]  [ 1092, 46,  725]  
[ 1092, 52,  934]  [ 1093, 10, 1102]  [ 1093, 28,  474]  [ 1093, 32,  946]  
[ 1093, 53, 1106]  [ 1094, 10, 1103]  [ 1094, 28,  477]  [ 1094, 31, 1106]  
[ 1094, 52,  944]  [ 1095, 11, 1106]  [ 1095, 28,  532]  [ 1095, 32,  953]  
[ 1095, 52,  950]  [ 1096, 12, 1027]  [ 1096, 32,  975]  [ 1096, 46,  781]  
[ 1096, 53, 1107]  [ 1097, 12, 1028]  [ 1097, 31, 1107]  [ 1097, 46,  784]  
[ 1097, 52,  970]  [ 1098, 12, 1021]  [ 1098, 28,  537]  [ 1098, 32,  981]  
[ 1098, 50, 1108]  [ 1099, 12, 1022]  [ 1099, 28,  540]  [ 1099, 31, 1108]  
[ 1099, 53, 1109]  [ 1100, 12, 1023]  [ 1100, 28,  543]  [ 1100, 34, 1109]  
[ 1100, 52,  980]  [ 1101, 12, 1024]  [ 1101, 28,  538]  [ 1101, 32,  983]  
[ 1101, 42, 1108]  [ 1102, 13, 1108]  [ 1102, 28,  590]  [ 1102, 32,  989]  
[ 1102, 53, 1110]  [ 1103, 13, 1109]  [ 1103, 28,  594]  [ 1103, 31, 1110]  
[ 1103, 52,  987]  [ 1104, 12, 1026]  [ 1104, 26, 1109]  [ 1104, 52,  992]  
[ 1105, 13, 1107]  [ 1105, 32, 1003]  [ 1105, 46,  812]  [ 1105, 52,  997]  
[ 1106, 10, 1110]  [ 1106, 28,  599]  [ 1106, 32, 1019]  [ 1106, 52, 1016]  
[ 1107, 12, 1071]  [ 1107, 32, 1036]  [ 1107, 46,  884]  [ 1107, 52, 1030]  
[ 1108, 12, 1068]  [ 1108, 28,  659]  [ 1108, 32, 1042]  [ 1108, 53, 1111]  
[ 1109, 12, 1069]  [ 1109, 28,  662]  [ 1109, 31, 1111]  [ 1109, 52, 1040]  
[ 1110, 13, 1111]  [ 1110, 28,  717]  [ 1110, 32, 1049]  [ 1110, 52, 1046]  
[ 1111, 12, 1095]  [ 1111, 28,  777]  [ 1111, 32, 1081]  [ 1111, 52, 1078]  

