0,33,41,51,
1,21,33,41,51,
2,11,33,41,51,
3,21,33,41,51,
4,11,33,41,51,
5,21,33,41,51,
6,11,33,41,51,
7,41,51,
8,11,33,41,51,
9,21,41,51,
10,11,33,41,51,
11,21,41,51,
12,11,33,41,51,
13,13,21,41,51,
14,21,41,51,
15,11,33,41,51,
16,41,51,
17,33,41,51,
18,13,21,41,51,
19,21,41,51,
20,11,41,51,
21,11,31,41,51,
22,21,41,51,
23,33,41,51,
24,33,41,51,
25,21,41,51,
26,21,41,51,
27,11,41,51,
28,11,41,51,
29,11,31,41,51,
30,33,41,51,
31,33,41,51,
32,33,41,51,
33,33,51,
34,21,41,51,
35,21,41,51,
36,21,33,41,51,
37,11,33,41,51,
38,11,23,41,51,
39,11,41,51,
40,11,33,41,51,
41,33,41,51,
42,33,41,51,
43,21,33,51,
44,11,33,41,51,
45,21,33,51,
46,41,51,
47,21,41,51,
48,21,33,41,51,
49,33,41,51,
50,11,41,51,
51,11,41,51,
52,11,33,41,51,
53,33,41,51,
54,21,33,51,
55,21,33,51,
56,11,33,51,
57,33,51,
58,11,31,41,51,
59,21,41,51,
60,21,41,51,
61,21,33,41,51,
62,33,41,51,
63,41,51,
64,11,31,41,51,
65,11,23,41,51,
66,11,33,41,51,
67,21,33,51,
68,21,33,51,
69,21,33,51,
70,11,33,51,
71,11,33,51,
72,11,33,51,
73,33,51,
74,11,31,41,51,
75,13,21,41,51,
76,21,41,51,
77,41,51,
78,13,33,41,51,
79,41,51,
80,51,
81,41,51,
82,31,41,51,
83,11,33,41,51,
84,21,33,51,
85,21,33,51,
86,21,33,51,
87,11,23,33,51,
88,11,33,51,
89,11,33,51,
90,11,33,43,51,
91,21,33,51,
92,11,41,51,
93,11,33,41,51,
94,13,21,41,51,
95,21,41,51,
96,21,41,51,
97,13,41,51,
98,21,51,
99,41,51,
100,11,33,41,51,
101,21,51,
102,21,51,
103,41,51,
104,31,41,51,
105,11,33,41,51,
106,21,33,51,
107,21,33,51,
108,21,33,51,
109,11,23,33,51,
110,11,33,51,
111,11,33,51,
112,21,33,51,
113,11,41,51,
114,11,41,51,
115,11,33,41,51,
116,13,21,41,51,
117,21,41,51,
118,31,41,51,
119,13,21,51,
120,13,41,51,
121,21,51,
122,21,51,
123,41,51,
124,11,33,51,
125,51,
126,21,51,
127,51,
128,41,51,
129,31,41,51,
130,33,41,51,
131,21,33,51,
132,21,33,51,
133,21,33,51,
134,11,23,33,51,
135,11,33,51,
136,11,33,51,
137,33,41,51,
138,11,31,41,51,
139,11,23,41,51,
140,11,41,51,
141,11,31,41,51,
142,13,21,41,51,
143,21,31,41,51,
144,13,21,51,
145,13,21,51,
146,41,51,
147,21,51,
148,21,51,
149,21,51,
150,41,51,
151,11,51,
152,11,33,51,
153,11,31,41,51,
154,21,51,
155,21,51,
156,21,51,
157,11,33,51,
158,51,
159,33,41,51,
160,31,41,51,
161,33,41,51,
162,21,33,51,
163,21,33,51,
164,21,33,41,51,
165,11,33,51,
166,11,33,51,
167,11,33,51,
168,11,33,41,51,
169,31,41,51,
170,11,41,51,
171,11,41,51,
172,11,31,41,51,
173,21,31,41,51,
174,41,51,
175,21,51,
176,13,21,51,
177,13,21,51,
178,41,51,
179,21,51,
180,21,51,
181,21,51,
182,21,51,
183,33,41,51,
184,11,23,51,
185,11,51,
186,11,51,
187,11,33,51,
188,11,31,51,
189,33,51,
190,21,51,
191,51,
192,21,51,
193,11,33,43,51,
194,21,51,
195,33,41,51,
196,21,33,51,
197,21,33,41,51,
198,11,33,43,51,
199,11,23,33,51,
200,11,33,51,
201,11,33,41,51,
202,31,41,51,
203,41,51,
204,11,33,41,51,
205,11,23,41,51,
206,11,31,41,51,
207,21,31,41,51,
208,21,51,
209,41,51,
210,21,51,
211,21,51,
212,13,21,51,
213,13,21,51,
214,33,41,51,
215,21,33,51,
216,21,51,
217,21,51,
218,21,51,
219,21,51,
220,11,23,51,
221,11,23,51,
222,11,51,
223,11,51,
224,11,51,
225,11,33,51,
226,11,31,51,
227,11,33,41,51,
228,21,33,51,
229,21,51,
230,11,31,51,
231,51,
232,21,51,
233,21,51,
234,33,41,51,
235,21,33,41,51,
236,33,43,51,
237,11,23,33,51,
238,11,33,41,51,
239,13,31,41,51,
240,41,51,
241,51,
242,41,51,
243,33,41,51,
244,11,31,41,51,
245,11,31,41,51,
246,21,51,
247,21,51,
248,33,41,51,
249,21,33,51,
250,21,51,
251,21,51,
252,13,21,51,
253,13,21,51,
254,21,33,51,
255,21,51,
256,21,51,
257,21,51,
258,21,51,
259,11,23,51,
260,11,23,51,
261,11,23,51,
262,11,51,
263,11,51,
264,11,51,
265,11,51,
266,11,33,51,
267,11,31,51,
268,11,33,51,
269,33,51,
270,21,51,
271,11,31,43,51,
272,21,51,
273,21,51,
274,41,51,
275,33,43,51,
276,33,43,51,
277,11,33,41,51,
278,13,41,51,
279,21,51,
280,41,51,
281,11,31,41,51,
282,21,51,
283,21,51,
284,41,51,
285,33,41,51,
286,11,31,41,51,
287,11,31,41,51,
288,21,33,51,
289,21,51,
290,21,51,
291,21,33,51,
292,21,51,
293,21,51,
294,13,21,51,
295,13,21,51,
296,21,33,51,
297,21,51,
298,21,51,
299,21,51,
300,21,41,51,
301,11,23,51,
302,11,23,51,
303,11,23,51,
304,11,51,
305,11,33,51,
306,11,51,
307,11,51,
308,11,51,
309,11,51,
310,11,33,51,
311,11,31,51,
312,11,33,51,
313,11,33,51,
314,33,51,
315,21,51,
316,21,51,
317,21,41,51,
318,11,33,41,51,
319,33,43,51,
320,33,43,51,
321,33,51,
322,11,33,41,51,
323,13,21,51,
324,13,41,51,
325,21,51,
326,21,51,
327,41,51,
328,11,31,51,
329,51,
330,21,51,
331,51,
332,41,51,
333,13,33,41,51,
334,31,41,51,
335,11,31,41,51,
336,21,33,51,
337,21,51,
338,21,51,
339,21,33,51,
340,21,51,
341,21,51,
342,13,21,51,
343,13,21,41,51,
344,21,33,51,
345,21,51,
346,21,51,
347,21,41,51,
348,11,33,43,51,
349,11,23,33,51,
350,11,23,51,
351,11,23,51,
352,11,23,51,
353,11,23,51,
354,11,33,51,
355,11,51,
356,11,51,
357,11,51,
358,11,51,
359,11,33,41,51,
360,11,31,51,
361,11,33,51,
362,11,33,43,51,
363,21,33,51,
364,21,51,
365,41,51,
366,33,43,51,
367,33,43,51,
368,21,33,51,
369,11,33,43,51,
370,21,33,51,
371,33,41,51,
372,13,21,51,
373,13,21,51,
374,13,41,51,
375,21,51,
376,21,51,
377,21,51,
378,41,51,
379,11,51,
380,11,31,51,
381,11,33,41,51,
382,21,51,
383,21,51,
384,21,51,
385,11,31,51,
386,51,
387,31,41,51,
388,31,41,51,
389,11,31,41,51,
390,21,33,51,
391,21,51,
392,21,51,
393,21,33,51,
394,21,51,
395,21,51,
396,13,21,41,51,
397,21,33,51,
398,21,51,
399,21,41,51,
400,33,43,51,
401,11,23,33,51,
402,11,23,51,
403,11,51,
404,11,23,51,
405,11,23,51,
406,11,33,51,
407,11,51,
408,11,51,
409,11,51,
410,11,41,51,
411,11,31,51,
412,11,33,51,
413,21,33,51,
414,21,41,51,
415,11,31,41,51,
416,33,43,51,
417,21,33,51,
418,21,33,51,
419,33,41,51,
420,11,33,51,
421,21,33,51,
422,33,41,51,
423,13,21,51,
424,13,21,51,
425,13,21,51,
426,13,41,51,
427,21,51,
428,21,51,
429,21,51,
430,21,51,
431,31,41,51,
432,11,23,51,
433,11,51,
434,11,51,
435,11,31,51,
436,11,33,51,
437,31,51,
438,21,51,
439,51,
440,21,51,
441,11,31,43,51,
442,21,51,
443,31,41,51,
444,11,31,41,51,
445,21,33,51,
446,21,51,
447,21,51,
448,21,33,51,
449,21,51,
450,21,41,51,
451,21,33,51,
452,21,41,51,
453,33,43,51,
454,43,51,
455,11,31,43,51,
456,11,23,33,51,
457,11,23,51,
458,11,23,51,
459,11,23,51,
460,11,41,51,
461,11,33,51,
462,11,51,
463,11,51,
464,11,41,51,
465,11,31,41,51,
466,11,33,51,
467,33,41,
468,21,33,51,
469,21,33,51,
470,33,41,51,
471,21,33,51,
472,33,41,51,
473,11,33,51,
474,11,33,51,
475,33,51,
476,13,21,51,
477,13,21,51,
478,13,21,51,
479,13,21,51,
480,31,41,51,
481,21,31,51,
482,21,51,
483,21,51,
484,21,51,
485,21,51,
486,11,23,51,
487,11,23,51,
488,11,51,
489,11,51,
490,11,51,
491,11,31,51,
492,11,33,51,
493,11,31,41,51,
494,21,31,51,
495,21,51,
496,11,33,51,
497,51,
498,21,51,
499,21,51,
500,31,41,51,
501,11,31,41,51,
502,21,33,51,
503,21,51,
504,21,41,51,
505,21,33,51,
506,21,41,51,
507,21,33,41,
508,13,33,43,51,
509,43,51,
510,43,51,
511,51,
512,31,43,51,
513,11,33,41,51,
514,11,33,51,
515,11,23,51,
516,11,23,51,
517,11,23,41,51,
518,11,33,51,
519,11,51,
520,11,41,51,
521,11,33,51,
522,11,33,41,
523,33,41,
524,21,33,51,
525,33,41,51,
526,21,33,51,
527,33,41,51,
528,21,33,51,
529,11,23,33,51,
530,11,33,51,
531,11,33,51,
532,11,33,41,51,
533,21,33,51,
534,31,41,51,
535,21,31,51,
536,13,21,51,
537,13,21,51,
538,13,21,51,
539,13,21,51,
540,21,31,51,
541,21,51,
542,21,51,
543,21,51,
544,21,51,
545,11,23,51,
546,11,23,51,
547,11,23,51,
548,11,51,
549,11,51,
550,11,51,
551,11,51,
552,11,31,51,
553,11,33,51,
554,11,31,51,
555,31,51,
556,21,51,
557,11,33,43,51,
558,21,51,
559,21,51,
560,41,51,
561,31,41,51,
562,21,33,51,
563,21,41,51,
564,21,33,41,
565,21,33,41,
566,13,43,51,
567,43,51,
568,21,51,
569,43,51,
570,21,51,
571,11,33,43,51,
572,21,51,
573,33,41,51,
574,31,43,51,
575,11,33,43,51,
576,11,23,33,51,
577,11,23,51,
578,11,41,51,
579,11,33,51,
580,11,41,51,
581,11,33,41,
582,11,33,41,
583,33,41,
584,21,33,51,
585,33,41,51,
586,21,33,51,
587,21,33,51,
588,11,23,33,51,
589,11,33,51,
590,11,33,51,
591,33,51,
592,21,31,51,
593,31,41,51,
594,21,31,51,
595,13,21,51,
596,13,21,51,
597,13,21,51,
598,13,21,51,
599,21,31,51,
600,21,51,
601,21,51,
602,21,51,
603,21,41,51,
604,11,23,51,
605,11,23,51,
606,11,23,51,
607,11,51,
608,11,31,51,
609,11,51,
610,11,51,
611,11,51,
612,11,51,
613,11,31,51,
614,11,33,51,
615,11,31,51,
616,11,31,51,
617,31,51,
618,21,51,
619,21,51,
620,21,41,51,
621,11,31,41,51,
622,31,41,51,
623,21,33,41,
624,21,33,41,
625,21,33,41,
626,13,43,51,
627,13,21,51,
628,43,51,
629,21,51,
630,21,51,
631,33,41,51,
632,43,51,
633,51,
634,21,51,
635,11,33,51,
636,21,51,
637,41,51,
638,31,43,51,
639,33,43,51,
640,11,31,41,51,
641,11,23,33,51,
642,11,23,41,51,
643,11,33,41,
644,11,33,41,
645,11,33,41,
646,33,41,
647,21,33,51,
648,21,33,51,
649,21,33,51,
650,11,23,33,51,
651,11,33,51,
652,11,33,51,
653,11,33,51,
654,33,43,51,
655,31,51,
656,21,31,51,
657,31,41,51,
658,21,31,51,
659,13,21,51,
660,13,21,51,
661,13,21,51,
662,13,21,41,51,
663,21,31,51,
664,21,51,
665,21,51,
666,21,41,51,
667,11,31,43,51,
668,11,23,31,51,
669,11,23,51,
670,11,23,51,
671,11,23,51,
672,11,23,51,
673,11,31,51,
674,11,51,
675,11,51,
676,11,51,
677,11,51,
678,11,31,41,51,
679,11,33,51,
680,11,31,51,
681,11,31,43,51,
682,21,31,51,
683,21,51,
684,41,
685,13,31,41,51,
686,21,33,41,
687,21,33,41,
688,21,33,41,
689,43,51,
690,13,21,51,
691,13,21,51,
692,13,33,41,51,
693,43,51,
694,21,51,
695,21,51,
696,21,51,
697,41,51,
698,33,43,51,
699,21,51,
700,11,31,43,51,
701,21,51,
702,21,51,
703,11,51,
704,11,33,51,
705,51,
706,41,51,
707,31,43,51,
708,31,41,51,
709,33,43,51,
710,11,33,41,
711,11,33,41,
712,11,33,41,
713,11,33,41,
714,21,33,51,
715,21,33,51,
716,21,33,43,51,
717,11,23,33,51,
718,11,33,51,
719,11,33,51,
720,11,33,43,51,
721,11,31,41,51,
722,21,31,51,
723,21,31,51,
724,21,31,51,
725,13,31,41,51,
726,21,31,51,
727,13,21,51,
728,13,21,51,
729,13,21,41,51,
730,21,31,51,
731,21,51,
732,21,41,
733,31,43,51,
734,11,23,31,51,
735,11,23,51,
736,11,51,
737,11,23,51,
738,11,23,51,
739,11,31,51,
740,11,51,
741,11,51,
742,11,51,
743,11,41,51,
744,11,33,51,
745,11,31,51,
746,21,31,51,
747,21,41,
748,11,33,41,
749,41,
750,21,33,41,
751,21,33,41,
752,43,51,
753,43,51,
754,21,51,
755,13,21,51,
756,13,21,51,
757,13,41,51,
758,33,43,51,
759,21,51,
760,21,51,
761,21,51,
762,21,51,
763,41,51,
764,33,51,
765,21,51,
766,11,31,51,
767,21,51,
768,21,51,
769,11,23,51,
770,11,51,
771,11,51,
772,11,33,51,
773,11,33,41,51,
774,21,51,
775,41,51,
776,31,41,51,
777,33,43,51,
778,11,33,41,
779,11,33,41,
780,11,33,41,
781,11,33,41,
782,21,33,51,
783,21,33,43,51,
784,11,23,33,51,
785,11,33,51,
786,11,33,43,51,
787,11,31,51,
788,13,21,31,51,
789,21,31,51,
790,31,51,
791,21,31,51,
792,21,31,51,
793,13,21,51,
794,13,21,41,
795,21,31,51,
796,21,41,
797,21,41,
798,31,43,51,
799,43,51,
800,11,33,43,51,
801,11,23,31,51,
802,11,23,51,
803,11,23,51,
804,11,23,51,
805,11,41,51,
806,11,31,51,
807,11,51,
808,11,51,
809,11,41,51,
810,11,33,41,
811,11,31,51,
812,31,41,
813,21,41,
814,11,33,41,
815,41,
816,21,33,41,
817,43,51,
818,21,51,
819,33,43,51,
820,21,51,
821,21,51,
822,13,21,51,
823,13,21,51,
824,13,41,51,
825,21,33,51,
826,21,51,
827,21,51,
828,21,51,
829,21,51,
830,41,51,
831,11,33,43,51,
832,21,33,51,
833,21,51,
834,11,51,
835,11,31,51,
836,51,
837,21,51,
838,11,23,51,
839,11,23,51,
840,11,51,
841,11,51,
842,11,33,51,
843,51,
844,41,51,
845,31,41,51,
846,33,43,51,
847,33,41,
848,11,33,41,
849,11,33,41,
850,11,33,41,
851,21,33,43,51,
852,11,23,33,51,
853,11,33,43,51,
854,11,31,51,
855,11,31,51,
856,13,21,31,51,
857,21,31,51,
858,11,31,51,
859,31,51,
860,21,31,51,
861,21,31,51,
862,13,21,41,
863,13,21,41,
864,21,31,41,
865,21,41,
866,21,41,
867,13,31,43,51,
868,43,51,
869,43,51,
870,51,
871,33,43,51,
872,11,31,41,51,
873,11,31,51,
874,11,23,51,
875,11,23,51,
876,11,23,41,51,
877,11,31,51,
878,11,51,
879,11,41,
880,11,33,41,
881,11,31,51,
882,11,31,41,
883,31,41,
884,21,41,
885,11,33,41,
886,41,
887,33,43,51,
888,21,51,
889,21,51,
890,21,33,51,
891,21,51,
892,21,51,
893,13,21,51,
894,13,21,51,
895,41,51,
896,21,33,51,
897,21,51,
898,21,51,
899,21,51,
900,21,51,
901,41,51,
902,11,33,51,
903,21,33,51,
904,21,51,
905,11,23,51,
906,11,51,
907,11,51,
908,11,31,51,
909,11,31,41,51,
910,21,51,
911,21,51,
912,11,23,51,
913,11,23,51,
914,11,51,
915,11,51,
916,11,33,51,
917,11,33,51,
918,43,51,
919,33,41,
920,31,41,51,
921,33,41,
922,33,41,
923,11,33,41,
924,11,33,41,
925,11,33,43,51,
926,11,23,31,51,
927,11,31,51,
928,11,31,51,
929,13,21,31,51,
930,21,31,51,
931,11,31,43,51,
932,21,31,51,
933,21,31,51,
934,21,31,41,
935,13,21,41,
936,13,21,41,
937,21,31,41,
938,21,41,
939,21,41,
940,13,43,51,
941,43,51,
942,21,51,
943,43,51,
944,21,51,
945,11,31,43,51,
946,21,51,
947,31,41,51,
948,33,43,51,
949,11,31,43,51,
950,11,23,31,51,
951,11,23,51,
952,11,41,
953,11,31,51,
954,11,41,
955,11,41,
956,11,33,41,
957,11,31,41,
958,11,31,41,
959,41,
960,21,41,
961,11,33,41,
962,21,33,51,
963,21,51,
964,21,51,
965,41,51,
966,21,33,51,
967,21,51,
968,21,51,
969,13,21,51,
970,13,21,51,
971,41,51,
972,21,33,51,
973,21,51,
974,21,51,
975,21,51,
976,21,43,51,
977,33,41,
978,11,33,51,
979,11,33,51,
980,33,
981,21,51,
982,11,23,51,
983,11,23,51,
984,11,51,
985,11,51,
986,11,31,51,
987,51,
988,21,43,51,
989,11,23,51,
990,11,23,51,
991,11,51,
992,11,51,
993,11,33,51,
994,11,33,43,51,
995,33,41,
996,33,41,
997,33,41,
998,33,41,
999,11,33,41,
1000,11,33,43,51,
1001,11,23,31,51,
1002,11,31,51,
1003,11,31,51,
1004,13,21,31,51,
1005,21,31,51,
1006,21,31,51,
1007,21,31,41,
1008,21,31,41,
1009,13,21,41,
1010,13,21,41,
1011,21,41,
1012,21,41,
1013,13,43,51,
1014,13,21,51,
1015,43,51,
1016,21,51,
1017,21,51,
1018,31,41,51,
1019,43,51,
1020,51,
1021,21,51,
1022,11,31,51,
1023,21,51,
1024,41,51,
1025,13,33,43,51,
1026,31,43,51,
1027,11,33,41,
1028,11,23,31,51,
1029,11,23,41,
1030,11,41,
1031,11,31,41,
1032,11,41,
1033,11,41,
1034,11,33,41,
1035,11,31,41,
1036,21,41,
1037,11,31,41,
1038,41,
1039,21,33,51,
1040,21,51,
1041,21,51,
1042,41,51,
1043,21,33,51,
1044,21,51,
1045,21,51,
1046,13,21,51,
1047,13,21,43,51,
1048,33,41,
1049,21,33,
1050,21,51,
1051,21,51,
1052,21,43,51,
1053,33,41,
1054,11,23,33,51,
1055,11,33,51,
1056,11,33,51,
1057,11,33,41,
1058,21,33,51,
1059,33,41,
1060,21,51,
1061,11,23,51,
1062,11,23,51,
1063,11,51,
1064,11,51,
1065,11,31,51,
1066,11,31,51,
1067,43,51,
1068,11,23,51,
1069,11,23,51,
1070,11,51,
1071,11,51,
1072,11,33,43,51,
1073,33,41,
1074,33,41,
1075,33,41,
1076,33,41,
1077,33,41,
1078,33,43,51,
1079,11,23,31,51,
1080,11,31,51,
1081,11,31,51,
1082,13,21,31,51,
1083,21,31,51,
1084,31,41,
1085,21,31,41,
1086,21,41,
1087,13,21,41,
1088,21,41,
1089,21,41,
1090,13,43,51,
1091,13,21,51,
1092,13,21,51,
1093,13,31,41,51,
1094,43,51,
1095,21,51,
1096,21,51,
1097,21,51,
1098,41,51,
1099,31,43,51,
1100,21,51,
1101,11,33,43,51,
1102,21,51,
1103,21,51,
1104,11,51,
1105,11,31,51,
1106,51,
1107,41,51,
1108,33,41,
1109,31,43,51,
1110,11,33,41,
1111,11,31,41,
1112,11,23,41,
1113,11,41,
1114,11,31,41,
1115,11,41,
1116,11,41,
1117,11,31,41,
1118,33,41,
1119,21,41,
1120,11,31,41,
1121,21,33,51,
1122,21,51,
1123,21,51,
1124,33,41,
1125,21,33,
1126,21,51,
1127,21,51,
1128,13,21,43,51,
1129,33,41,
1130,21,33,51,
1131,21,33,41,
1132,21,51,
1133,21,43,51,
1134,33,41,
1135,11,23,33,51,
1136,11,33,51,
1137,11,33,
1138,11,33,41,
1139,33,51,
1140,33,
1141,21,43,51,
1142,11,23,51,
1143,11,23,51,
1144,11,51,
1145,11,51,
1146,11,31,51,
1147,11,31,43,51,
1148,11,23,51,
1149,11,23,51,
1150,11,51,
1151,11,43,51,
1152,33,41,
1153,33,41,
1154,33,41,
1155,33,41,
1156,33,43,51,
1157,33,43,51,
1158,11,31,51,
1159,11,31,51,
1160,11,31,51,
1161,13,21,31,51,
1162,21,31,41,
1163,11,31,41,
1164,31,41,
1165,21,41,
1166,21,41,
1167,21,41,
1168,21,33,41,
1169,21,41,
1170,13,43,51,
1171,13,21,51,
1172,13,21,51,
1173,13,21,51,
1174,13,41,51,
1175,31,43,51,
1176,21,51,
1177,21,51,
1178,21,51,
1179,21,51,
1180,41,51,
1181,31,51,
1182,21,51,
1183,11,33,51,
1184,21,51,
1185,21,51,
1186,11,23,51,
1187,11,51,
1188,11,51,
1189,11,31,51,
1190,11,31,41,51,
1191,21,51,
1192,41,
1193,33,41,
1194,33,41,
1195,31,43,51,
1196,11,31,41,
1197,11,33,41,
1198,11,31,41,
1199,11,23,41,
1200,11,41,
1201,11,41,
1202,11,41,
1203,11,31,41,
1204,11,33,41,
1205,33,41,
1206,21,33,
1207,21,51,
1208,21,51,
1209,33,41,
1210,21,33,51,
1211,21,33,41,
1212,21,51,
1213,21,43,51,
1214,33,41,
1215,21,33,51,
1216,21,33,
1217,21,43,51,
1218,33,41,
1219,11,23,33,51,
1220,11,33,
1221,11,33,51,
1222,11,33,41,
1223,11,33,41,
1224,11,33,51,
1225,33,43,
1226,21,33,53,
1227,33,41,
1228,11,23,51,
1229,11,23,51,
1230,11,51,
1231,11,51,
1232,11,31,43,51,
1233,11,23,51,
1234,11,43,51,
1235,11,43,51,
1236,33,41,
1237,33,41,
1238,33,43,51,
1239,33,43,51,
1240,21,33,43,51,
1241,11,31,43,51,
1242,11,23,31,51,
1243,11,31,51,
1244,11,31,41,
1245,13,21,31,41,
1246,21,31,41,
1247,11,31,41,
1248,41,
1249,21,41,
1250,21,41,
1251,21,33,41,
1252,21,41,
1253,21,33,41,
1254,31,43,51,
1255,13,21,51,
1256,13,21,51,
1257,13,21,51,
1258,13,21,51,
1259,13,41,51,
1260,21,31,51,
1261,21,51,
1262,21,51,
1263,21,51,
1264,21,51,
1265,41,
1266,11,31,43,51,
1267,21,31,51,
1268,21,51,
1269,11,51,
1270,11,33,51,
1272,21,51,
1273,11,23,51,
1274,11,23,51,
1275,11,51,
1276,11,51,
1277,11,31,51,
1278,51,
1279,41,
1280,41,
1281,13,33,41,
1282,33,41,
1283,33,41,
1284,31,43,51,
1285,31,41,
1286,11,31,41,
1287,11,33,41,
1288,11,41,
1289,11,23,41,
1290,11,41,
1291,11,41,
1292,11,33,41,
1293,11,33,41,
1294,21,33,51,
1295,21,33,41,
1296,21,51,
1297,21,43,51,
1298,33,41,
1299,21,33,51,
1300,21,33,
1301,21,43,51,
1302,33,41,
1303,21,33,43,
1304,21,33,53,
1305,21,33,41,
1306,11,23,33,
1307,11,33,51,
1308,11,33,41,
1309,11,33,51,
1310,11,33,
1311,11,33,41,
1312,11,33,43,
1313,33,43,
1314,33,53,
1315,11,23,51,
1316,11,23,51,
1317,11,51,
1318,11,43,51,
1319,11,33,43,51,
1320,11,23,43,51,
1321,33,41,
1322,33,43,51,
1323,33,43,51,
1324,21,33,43,51,
1325,31,43,51,
1326,11,23,31,51,
1327,11,31,41,
1328,11,31,41,
1329,13,21,31,41,
1330,21,41,
1331,21,41,
1332,11,31,41,
1333,41,
1334,21,33,41,
1335,21,41,
1336,21,33,41,
1337,31,43,51,
1338,21,31,51,
1339,13,21,51,
1340,13,21,51,
1341,13,21,51,
1342,13,21,51,
1343,13,41,
1344,21,31,51,
1345,21,51,
1346,21,
1347,21,51,
1348,21,51,
1349,41,
1350,41,
1351,11,31,51,
1352,21,31,51,
1353,21,
1354,11,23,51,
1355,11,51,
1356,11,51,
1357,11,33,51,
1358,11,33,41,
1359,21,51,
1360,41,
1361,21,51,
1362,11,23,51,
1363,11,23,51,
1364,11,51,
1365,11,51,
1366,11,31,51,
1367,11,31,51,
1368,43,51,
1369,31,41,
1370,41,
1371,41,
1372,13,33,41,
1373,33,41,
1374,33,41,
1375,31,41,
1376,31,41,
1377,11,31,41,
1378,11,23,41,
1379,11,41,
1380,11,33,41,
1381,11,41,
1382,11,33,41,
1383,21,33,51,
1384,21,33,
1385,21,43,51,
1386,33,41,
1387,21,33,43,
1388,21,33,53,
1389,21,33,41,
1390,21,33,43,
1391,21,33,53,
1392,11,23,33,51,
1393,11,23,33,41,
1394,11,33,51,
1395,11,33,
1396,11,33,43,
1397,11,33,53,
1398,11,33,41,
1399,11,33,43,
1400,33,
1401,11,33,53,
1402,11,23,51,
1403,11,43,51,
1404,11,43,51,
1405,33,43,51,
1406,33,43,51,
1407,21,33,43,51,
1408,31,43,51,
1409,31,43,51,
1410,11,31,41,
1411,11,31,41,
1412,11,31,41,
1413,13,21,41,
1414,21,41,
1415,21,41,
1416,41,
1417,21,41,
1418,11,31,41,
1419,21,33,41,
1420,21,31,51,
1421,21,31,51,
1422,13,21,51,
1423,13,21,
1424,13,21,51,
1425,13,21,51,
1426,13,41,
1427,13,41,
1428,21,31,51,
1429,21,
1430,21,51,
1431,21,41,
1432,21,51,
1433,21,43,51,
1434,31,41,
1435,41,
1436,41,
1437,11,31,51,
1438,11,31,51,
1439,31,
1440,21,51,
1441,21,41,
1442,11,23,51,
1443,11,23,51,
1444,11,51,
1445,11,51,
1446,11,33,
1447,11,33,41,
1448,51,
1450,21,43,51,
1451,11,23,51,
1452,11,23,51,
1453,11,51,
1454,11,51,
1455,11,31,51,
1456,11,31,43,51,
1457,31,41,
1458,41,
1459,41,
1460,13,33,41,
1461,33,41,
1462,31,41,
1463,31,41,
1464,31,41,
1465,11,31,41,
1466,11,33,41,
1467,11,23,41,
1468,11,33,41,
1469,21,33,43,
1470,21,33,53,
1471,21,33,41,
1472,21,33,43,
1473,21,33,53,
1474,21,33,
1475,11,23,33,51,
1476,11,23,33,
1477,11,33,43,
1478,11,33,53,
1479,11,33,41,
1480,11,33,43,
1481,11,33,53,
1482,11,33,43,
1483,21,33,53,
1484,33,43,
1485,11,31,43,51,
1486,11,23,43,51,
1487,33,43,51,
1488,43,51,
1489,21,33,43,51,
1490,13,31,43,51,
1491,31,43,51,
1492,31,51,
1493,11,31,41,
1494,11,31,41,
1495,11,41,
1496,11,31,41,
1497,13,21,41,
1498,13,21,41,
1499,21,41,
1500,21,41,
1501,11,33,41,
1502,21,41,
1503,41,
1504,21,31,51,
1505,21,31,51,
1506,13,21,
1507,13,21,51,
1508,13,21,41,
1509,13,21,51,
1510,13,21,43,51,
1511,31,41,
1512,13,41,
1513,13,41,
1514,21,31,
1515,21,51,
1516,21,41,
1517,21,51,
1518,21,
1519,21,43,51,
1520,31,41,
1521,41,
1522,41,
1523,11,23,31,51,
1524,11,31,51,
1525,11,31,51,
1526,11,31,41,
1527,21,31,51,
1528,31,41,
1529,21,51,
1530,21,
1531,11,23,51,
1532,11,23,51,
1533,11,51,
1534,11,
1535,11,33,51,
1536,11,33,41,
1537,11,33,41,
1538,11,33,51,
1539,43,
1540,21,53,
1541,41,
1542,11,23,51,
1543,11,23,51,
1544,11,51,
1545,11,51,
1546,11,31,43,51,
1547,41,
1548,41,
1549,13,33,41,
1550,31,41,
1551,31,41,
1552,31,41,
1553,31,41,
1554,11,33,41,
1555,11,33,41,
1556,21,33,43,
1557,21,33,53,
1558,21,33,
1559,21,33,53,
1560,21,33,43,
1561,11,33,43,
1562,11,23,33,53,
1563,11,23,33,41,
1564,11,33,43,
1565,11,33,53,
1566,11,33,
1567,11,33,43,
1568,21,33,
1569,31,43,51,
1570,13,33,43,51,
1571,43,51,
1572,43,51,
1573,43,51,
1574,13,31,43,51,
1575,21,31,51,
1576,11,31,43,51,
1577,21,31,51,
1578,31,41,
1579,11,31,41,
1580,11,41,
1581,11,41,
1582,11,41,
1583,13,21,41,
1584,13,21,41,
1585,21,41,
1586,21,41,
1587,11,33,41,
1588,11,33,41,
1589,31,41,
1590,21,41,
1591,21,31,51,
1592,31,41,
1593,21,31,
1594,13,21,51,
1595,13,21,41,
1596,13,21,51,
1597,13,21,
1598,13,21,43,51,
1599,31,41,
1600,13,41,
1601,13,41,
1602,21,31,51,
1603,21,31,41,
1604,21,51,
1605,21,
1606,21,43,
1607,21,53,
1608,21,41,
1609,41,
1610,41,
1611,11,23,31,51,
1612,11,31,51,
1613,11,31,
1614,11,31,41,
1615,31,51,
1617,21,43,
1618,21,53,
1619,21,41,
1620,11,23,51,
1621,11,23,
1622,11,
1623,11,51,
1624,11,41,
1625,11,33,51,
1626,11,33,
1627,11,33,41,
1628,11,33,43,
1629,43,
1630,53,
1631,11,23,51,
1632,11,23,51,
1633,11,51,
1634,11,43,51,
1635,41,
1636,41,
1637,31,41,
1638,31,41,
1639,31,41,
1640,33,41,
1641,11,33,41,
1642,21,33,
1643,21,33,53,
1644,21,33,43,
1645,21,33,
1646,11,33,43,
1647,11,33,43,
1648,11,23,33,53,
1649,11,33,
1650,11,33,53,
1651,11,33,43,
1652,33,41,
1653,21,33,
1654,31,43,51,
1655,43,51,
1656,13,43,51,
1657,43,51,
1658,21,43,51,
1659,21,43,51,
1660,11,33,43,51,
1661,13,21,31,51,
1662,21,31,51,
1663,31,41,
1664,11,31,51,
1665,21,31,51,
1666,31,41,
1667,31,41,
1668,11,31,41,
1669,11,23,41,
1670,11,41,
1671,11,41,
1672,11,41,
1673,13,21,41,
1674,13,21,41,
1675,21,31,41,
1676,21,41,
1677,11,33,41,
1678,11,31,41,
1679,31,41,
1680,21,31,
1681,31,41,
1682,21,31,51,
1683,21,31,41,
1684,13,21,51,
1685,13,21,
1686,13,21,43,
1687,13,21,53,
1688,13,21,41,
1689,41,
1690,13,41,
1691,21,31,51,
1692,21,
1693,21,43,
1694,21,53,
1695,21,41,
1696,21,43,
1697,21,53,
1698,41,
1699,41,
1700,21,
1701,11,23,31,51,
1702,11,31,
1703,11,31,51,
1704,11,31,41,
1705,11,31,41,
1706,11,31,51,
1707,31,43,
1708,21,53,
1709,41,
1710,21,43,
1711,21,53,
1712,11,23,
1713,11,23,51,
1714,11,23,41,
1715,11,51,
1716,11,41,
1717,11,51,
1718,11,
1719,11,33,43,
1720,11,33,53,
1721,11,33,41,
1722,11,33,43,
1724,11,33,53,
1725,11,23,51,
1726,11,43,51,
1727,11,43,51,
1728,33,41,
1729,41,
1730,31,41,
1731,31,41,
1732,33,41,
1733,33,41,
1734,21,33,53,
1735,21,33,43,
1736,21,33,
1737,21,33,41,
1738,21,33,
1739,33,43,
1740,11,33,43,
1741,11,33,
1742,11,33,53,
1743,11,33,43,
1744,11,33,
1745,11,33,41,
1746,33,41,
1747,31,43,51,
1748,43,51,
1749,43,51,
1750,43,51,
1751,13,43,51,
1752,13,21,43,51,
1753,21,43,51,
1754,11,33,43,51,
1755,13,21,31,51,
1756,13,31,41,
1757,21,31,51,
1758,31,41,
1759,31,41,
1760,11,31,51,
1761,11,31,51,
1762,31,
1763,31,41,
1764,31,41,
1765,11,31,41,
1766,11,41,
1767,11,23,41,
1768,11,41,
1769,11,41,
1770,21,31,41,
1771,13,21,41,
1772,21,31,41,
1773,11,31,41,
1774,11,31,41,
1775,21,31,51,
1776,21,31,41,
1777,41,
1778,21,31,51,
1779,21,
1780,13,21,43,
1781,13,21,53,
1782,13,21,41,
1783,13,21,43,
1784,13,21,53,
1785,41,
1786,41,
1787,21,
1788,21,31,43,
1789,21,53,
1790,21,41,
1791,21,43,
1792,21,53,
1793,21,
1794,33,41,
1795,41,
1796,21,53,
1797,33,
1798,21,41,
1799,11,23,31,
1800,11,31,51,
1801,11,31,41,
1802,11,31,51,
1803,11,31,
1804,11,31,41,
1805,11,31,43,
1806,31,43,
1807,53,
1808,21,
1809,11,23,51,
1810,11,23,41,
1811,11,23,51,
1812,11,23,
1813,11,51,
1814,11,
1815,11,43,
1816,11,53,
1817,11,41,
1818,11,33,43,
1819,11,33,53,
1820,11,33,43,
1821,21,53,
1822,43,
1823,11,31,43,51,
1824,11,23,43,51,
1825,33,41,
1826,31,41,
1827,33,41,
1828,33,41,
1829,21,33,
1830,21,33,41,
1831,21,33,
1832,21,33,41,
1833,33,43,
1834,33,43,
1835,33,43,
1836,11,33,43,
1837,11,23,33,53,
1838,11,33,43,
1839,11,33,
1840,11,33,41,
1841,11,33,
1842,11,33,41,
1843,31,43,51,
1844,43,51,
1845,43,51,
1846,21,43,51,
1847,21,43,51,
1848,11,31,43,51,
1849,13,21,43,51,
1850,11,43,51,
1851,13,21,31,51,
1852,13,31,41,
1853,13,31,41,
1854,21,31,
1855,31,41,
1856,31,41,
1857,11,23,31,51,
1858,11,31,51,
1859,11,31,51,
1860,11,31,41,
1861,21,31,51,
1862,31,41,
1863,41,
1864,31,41,
1865,11,33,41,
1866,11,23,41,
1867,11,41,
1868,11,31,41,
1869,11,41,
1870,21,31,41,
1871,21,31,41,
1872,11,31,41,
1873,21,31,51,
1874,21,
1875,41,
1876,41,
1877,21,
1878,21,31,43,
1879,21,53,
1880,21,41,
1881,13,21,43,
1882,13,21,53,
1883,13,21,
1884,33,41,
1885,41,
1886,21,53,
1887,21,33,
1888,21,41,
1889,21,31,43,
1890,21,53,
1891,21,
1892,21,53,
1893,21,43,
1894,33,41,
1895,11,33,41,
1896,21,33,53,
1897,21,53,
1898,33,41,
1899,11,23,31,51,
1900,11,23,31,41,
1901,11,31,51,
1902,11,
1903,11,31,43,
1904,11,31,53,
1905,11,31,41,
1906,11,31,43,
1908,11,31,53,
1909,21,53,
1910,21,43,
1911,11,23,51,
1912,11,23,
1913,11,43,
1914,11,23,53,
1915,11,23,41,
1916,11,43,
1917,11,53,
1918,11,41,
1919,11,43,
1920,11,53,
1921,11,33,
1922,11,33,43,
1923,21,
1924,31,43,51,
1925,33,41,
1926,33,41,
1927,21,33,41,
1928,21,33,
1929,21,33,41,
1930,33,43,
1931,33,43,
1932,33,43,
1933,33,43,
1934,33,43,
1935,33,43,
1936,11,33,43,
1937,11,23,33,
1938,11,33,41,
1939,11,33,
1940,11,33,41,
1941,43,51,
1942,43,51,
1943,21,43,51,
1944,21,43,51,
1945,11,31,43,51,
1946,11,23,43,51,
1947,11,43,51,
1948,13,21,31,
1949,13,31,41,
1950,13,31,41,
1951,21,31,51,
1952,21,31,41,
1953,41,
1954,31,41,
1955,11,23,31,51,
1956,11,31,51,
1957,11,31,
1958,11,31,41,
1959,31,51,
1961,41,
1962,41,
1963,33,41,
1964,11,33,41,
1965,11,31,41,
1966,11,23,41,
1967,11,31,41,
1968,11,31,41,
1969,21,31,41,
1970,21,
1971,21,31,43,
1972,21,53,
1973,21,41,
1974,33,41,
1975,41,
1976,21,53,
1977,21,33,
1978,21,41,
1979,21,31,43,
1980,21,53,
1981,13,21,
1982,13,21,53,
1983,13,21,43,
1984,33,41,
1985,21,33,53,
1986,21,53,
1987,21,33,41,
1988,21,
1989,21,53,
1990,21,43,
1991,21,
1992,11,33,
1993,11,33,41,
1994,21,
1995,33,53,
1996,11,23,31,51,
1997,11,23,
1998,11,
1999,11,31,43,
2000,11,53,
2001,11,41,
2002,11,31,43,
2003,11,31,53,
2004,11,31,43,
2005,21,53,
2006,43,
2007,21,
2008,11,33,43,
2009,11,23,43,
2010,11,23,53,
2011,11,23,41,
2012,11,43,
2013,11,23,53,
2014,11,43,
2015,11,53,
2016,11,
2017,11,33,53,
2018,11,33,43,
2019,41,
2020,21,
2021,31,43,51,
2022,43,51,
2023,33,41,
2024,21,33,41,
2025,33,43,
2026,33,43,
2027,33,43,
2028,21,33,43,
2029,33,43,
2030,33,43,
2031,11,33,43,
2032,33,43,
2033,33,43,
2034,33,43,
2035,11,33,41,
2036,11,23,33,
2037,11,33,41,
2038,43,51,
2039,21,43,51,
2040,21,43,51,
2041,11,43,51,
2042,11,23,43,51,
2043,13,21,31,51,
2044,13,21,31,41,
2045,13,41,
2046,13,31,41,
2047,21,31,51,
2048,21,
2049,41,
2050,41,
2051,21,
2052,11,23,31,51,
2053,11,31,
2054,11,31,51,
2055,11,31,41,
2056,11,31,41,
2057,11,31,51,
2058,31,43,
2059,21,53,
2060,41,
2061,41,
2062,41,
2063,33,41,
2064,33,41,
2065,11,31,41,
2066,11,31,41,
2067,11,31,41,
2068,11,31,41,
2069,21,53,
2070,21,33,
2071,21,41,
2072,21,31,43,
2073,21,53,
2074,33,41,
2075,21,33,53,
2076,21,53,
2077,21,33,41,
2078,21,
2079,13,21,53,
2080,13,21,43,
2081,13,21,
2082,21,
2083,21,33,53,
2084,21,53,
2085,21,43,
2086,21,
2087,21,41,
2088,21,
2089,11,33,
2090,11,33,53,
2091,11,33,41,
2092,33,
2093,21,53,
2094,21,43,
2095,11,33,53,
2096,11,23,
2097,11,31,43,
2098,11,23,53,
2099,11,23,41,
2100,11,53,
2101,11,41,
2102,11,31,43,
2103,11,53,
2104,11,31,
2105,11,31,43,
2106,21,
2107,21,41,
2108,21,
2109,33,43,
2110,11,33,43,
2111,11,23,43,
2112,11,23,53,
2113,11,
2114,11,
2115,11,53,
2116,11,43,
2117,11,33,
2118,11,33,41,
2119,41,
2120,13,31,43,51,
2121,43,51,
2122,43,51,
2123,43,51,
2124,33,43,
2125,33,43,
2126,21,33,43,
2127,33,43,
2128,33,43,
2129,21,33,43,
2130,33,43,
2131,33,43,
2132,11,33,43,
2133,11,33,43,
2134,33,
2135,33,43,
2136,11,33,41,
2137,11,33,41,
2138,21,43,51,
2139,11,23,43,51,
2140,11,43,51,
2141,13,21,31,51,
2142,13,21,
2143,13,41,
2144,13,41,
2145,21,
2146,21,31,43,
2147,21,53,
2148,21,41,
2149,41,
2150,41,
2151,21,53,
2153,21,41,
2154,11,23,31,
2155,11,31,51,
2156,11,31,41,
2157,11,31,51,
2158,11,31,
2159,11,31,41,
2160,11,31,43,
2161,31,43,
2162,53,
2163,41,
2164,41,
2165,13,33,41,
2166,33,41,
2167,31,41,
2168,11,31,41,
2169,11,31,41,
2170,11,31,41,
2171,21,33,53,
2172,21,53,
2173,21,33,41,
2174,21,
2175,21,
2176,21,33,53,
2177,21,53,
2178,21,43,
2179,13,21,
2180,13,21,41,
2181,13,21,
2182,21,33,
2183,21,53,
2184,21,43,
2185,21,
2186,21,41,
2187,21,
2188,21,41,
2189,11,23,33,
2190,11,33,53,
2191,11,33,41,
2192,11,33,53,
2193,11,33,43,
2194,21,
2195,21,33,53,
2196,33,43,
2197,11,31,43,
2198,11,23,53,
2199,11,23,41,
2200,11,31,43,
2201,11,23,53,
2202,11,53,
2203,11,
2204,11,31,53,
2205,11,31,43,
2206,41,
2207,21,
2208,21,41,
2209,33,43,
2210,43,
2211,33,43,
2212,11,33,43,
2213,11,23,
2214,11,23,53,
2215,11,43,
2216,11,53,
2217,11,43,
2218,11,
2219,11,33,41,
2220,11,33,
2221,11,33,41,
2222,13,43,51,
2223,43,51,
2224,21,43,51,
2225,21,43,51,
2226,11,31,43,51,
2227,21,33,43,
2228,33,43,
2229,33,43,
2230,21,33,43,
2231,33,43,
2232,33,43,
2233,21,33,
2234,33,43,
2235,11,33,43,
2236,11,33,43,
2237,11,33,43,
2238,21,33,53,
2239,33,43,
2240,33,41,
2241,11,33,41,
2242,11,23,43,51,
2243,13,21,
2244,13,21,31,43,
2245,13,21,53,
2246,13,21,41,
2247,13,41,
2248,13,41,
2249,21,53,
2250,21,
2251,21,41,
2252,21,31,43,
2253,21,53,
2254,41,
2255,41,
2256,11,33,41,
2257,21,53,
2258,21,53,
2259,21,
2260,41,
2261,11,23,31,51,
2262,11,23,31,41,
2263,11,31,51,
2264,11,
2265,11,31,43,
2266,11,31,53,
2267,11,31,41,
2268,11,31,43,
2270,11,31,53,
2271,31,41,
2272,41,
2273,13,33,41,
2274,31,41,
2275,31,41,
2276,11,31,41,
2277,11,31,41,
2278,21,
2279,21,33,53,
2280,21,53,
2281,21,43,
2282,21,33,
2283,21,53,
2284,21,43,
2285,21,
2286,13,21,41,
2287,13,21,
2288,13,21,41,
2289,21,
2290,21,33,53,
2291,21,33,43,
2292,21,41,
2293,21,
2294,21,41,
2295,11,23,33,53,
2296,11,23,33,41,
2297,11,33,53,
2298,11,33,
2299,11,33,43,
2300,21,33,
2301,21,41,
2302,21,
2303,31,43,
2304,11,31,43,
2305,11,23,53,
2306,11,
2307,11,
2308,11,53,
2309,11,43,
2310,11,31,
2311,11,31,41,
2312,41,
2313,13,33,43,
2314,43,
2315,33,43,
2316,43,
2317,43,
2318,43,
2319,33,43,
2320,11,33,43,
2321,11,23,53,
2322,11,23,43,
2323,11,23,
2324,11,
2325,11,41,
2326,11,
2327,11,33,41,
2328,13,43,51,
2329,13,21,43,51,
2330,21,43,51,
2331,11,31,43,51,
2332,21,33,43,
2333,33,43,
2334,33,43,
2335,21,33,
2336,33,43,
2337,21,33,53,
2338,21,33,43,
2339,33,41,
2340,11,23,33,43,
2341,11,33,43,
2342,11,33,
2343,11,33,43,
2344,21,33,
2345,33,41,
2346,33,41,
2347,13,21,53,
2348,13,21,
2349,13,21,41,
2350,13,21,31,43,
2351,13,21,53,
2352,13,41,
2353,13,41,
2354,21,53,
2355,21,53,
2356,21,
2357,21,41,
2358,21,
2359,31,41,
2360,41,
2361,11,33,
2362,11,33,41,
2363,21,
2364,21,53,
2365,53,
2366,31,
2367,21,41,
2368,11,23,31,51,
2369,11,23,
2370,11,
2371,11,31,43,
2372,11,53,
2373,11,41,
2374,11,31,43,
2375,11,31,53,
2376,11,31,43,
2377,21,53,
2378,43,
2379,31,41,
2380,31,41,
2381,31,41,
2382,11,31,41,
2383,11,31,41,
2384,21,33,
2385,21,53,
2386,21,43,
2387,21,
2388,21,
2389,21,33,53,
2390,21,33,43,
2391,21,41,
2392,21,
2393,13,21,41,
2394,21,33,
2395,21,41,
2396,21,
2397,21,41,
2398,11,23,33,53,
2399,11,33,
2400,11,33,53,
2401,11,33,43,
2402,33,41,
2403,21,33,
2404,21,41,
2405,31,43,
2406,31,43,
2407,31,43,
2408,11,31,43,
2409,11,23,
2410,11,23,53,
2411,11,43,
2412,11,53,
2413,11,43,
2414,11,
2415,11,31,41,
2416,11,31,
2417,11,31,41,
2418,13,43,
2419,13,33,43,
2420,43,
2421,21,43,
2422,43,
2423,33,43,
2424,21,43,
2425,43,
2426,11,33,43,
2427,43,
2428,43,
2429,33,43,
2430,11,23,
2431,11,41,
2432,11,23,
2433,11,41,
2434,11,
2435,11,41,
2436,13,21,43,51,
2437,11,43,51,
2438,21,33,
2439,33,43,
2440,21,33,53,
2441,21,33,43,
2442,33,41,
2443,21,33,
2444,33,41,
2445,33,41,
2446,11,23,33,43,
2447,11,33,
2448,11,33,53,
2449,11,33,43,
2450,33,
2451,21,33,
2452,33,41,
2453,13,21,53,
2454,13,21,53,
2455,13,21,
2456,13,21,41,
2457,13,21,
2458,31,41,
2459,13,41,
2460,21,
2461,21,53,
2462,21,53,
2463,21,31,
2464,21,41,
2465,21,53,
2466,21,43,
2467,31,41,
2468,11,
2469,11,33,53,
2470,11,33,41,
2471,11,31,41,
2473,21,53,
2474,21,43,
2475,21,31,53,
2476,21,53,
2477,11,33,53,
2478,31,41,
2479,11,23,
2480,11,31,43,
2481,11,23,53,
2482,11,23,41,
2483,11,53,
2484,11,41,
2485,11,31,43,
2486,11,53,
2487,11,31,
2488,11,31,43,
2489,21,
2490,31,41,
2491,31,41,
2492,11,31,41,
2493,11,31,41,
2494,21,
2495,21,33,53,
2496,21,33,43,
2497,21,41,
2498,21,
2499,21,33,
2500,21,41,
2501,21,
2502,21,41,
2503,21,33,41,
2504,21,33,
2505,21,41,
2506,11,33,
2507,11,33,53,
2508,11,33,43,
2509,11,33,
2510,11,33,41,
2511,33,41,
2512,31,43,
2513,31,43,
2514,31,43,
2515,31,43,
2516,31,43,
2517,31,43,
2518,11,31,43,
2519,11,23,53,
2520,11,23,43,
2521,11,23,
2522,11,
2523,11,41,
2524,11,
2525,11,31,41,
2526,13,43,
2527,13,21,43,
2528,13,43,
2529,13,33,43,
2530,21,43,
2531,43,
2532,21,43,
2533,43,
2534,33,43,
2535,21,43,
2536,43,
2537,11,33,43,
2538,11,33,43,
2540,43,
2541,11,33,41,
2542,11,23,41,
2543,11,23,
2544,11,41,
2545,11,41,
2546,11,23,43,51,
2547,11,43,51,
2548,21,33,53,
2549,21,33,43,
2550,33,41,
2551,21,33,
2552,33,41,
2553,33,41,
2554,21,33,
2555,21,33,
2556,33,41,
2557,11,23,33,
2558,11,33,53,
2559,11,33,43,
2560,11,33,
2561,11,33,41,
2562,21,33,53,
2563,33,41,
2564,31,41,
2565,13,21,
2566,13,21,53,
2567,13,21,53,
2568,21,31,
2569,13,21,41,
2570,13,21,53,
2571,13,21,43,
2572,31,41,
2573,21,
2574,21,53,
2575,21,43,
2576,21,31,53,
2577,21,53,
2578,21,31,41,
2579,21,
2580,11,23,
2581,11,
2582,11,53,
2583,11,41,
2584,11,33,53,
2585,11,31,
2586,11,31,41,
2587,11,33,43,
2588,21,
2589,21,
2590,21,53,
2591,43,
2592,31,53,
2593,11,31,43,
2594,11,23,53,
2595,11,23,41,
2596,11,31,43,
2597,11,23,53,
2598,11,53,
2599,11,
2600,11,31,53,
2601,11,31,43,
2602,41,
2603,21,
2604,31,41,
2605,31,41,
2606,11,31,41,
2607,21,33,
2608,21,41,
2609,21,
2610,21,41,
2611,21,33,41,
2612,21,33,
2613,21,41,
2614,21,33,41,
2615,11,33,43,
2616,11,23,33,53,
2617,11,33,43,
2618,11,33,
2619,11,33,41,
2620,11,33,
2621,11,33,41,
2622,31,43,
2623,31,43,
2624,31,43,
2625,21,31,43,
2626,31,43,
2627,31,43,
2628,11,31,43,
2629,31,43,
2630,43,
2631,31,43,
2632,11,23,
2633,11,41,
2634,11,23,
2635,11,41,
2636,11,
2637,11,41,
2638,13,21,43,
2639,13,43,
2640,13,21,43,
2641,13,43,
2642,13,33,43,
2643,21,43,
2644,43,
2645,21,
2646,43,
2647,21,
2648,43,
2649,11,43,
2650,11,33,43,
2651,11,33,43,
2652,21,53,
2653,43,
2654,33,41,
2655,11,33,41,
2656,11,23,41,
2657,11,23,43,51,
2658,21,33,
2659,33,41,
2660,33,41,
2661,21,33,
2662,21,33,
2663,33,41,
2664,21,33,53,
2665,21,33,41,
2666,11,23,33,53,
2667,11,23,33,43,
2668,11,33,
2669,11,33,
2670,11,33,
2671,11,33,41,
2672,33,53,
2673,21,31,
2674,31,41,
2675,31,41,
2676,13,21,
2677,13,21,53,
2678,13,21,43,
2679,21,31,53,
2680,13,21,53,
2681,21,31,41,
2682,13,21,
2683,21,
2684,21,
2685,21,53,
2686,21,43,
2687,21,31,53,
2688,21,41,
2689,21,
2690,11,23,
2691,11,23,53,
2692,11,23,41,
2693,11,31,
2694,11,53,
2695,11,41,
2696,11,53,
2697,11,33,
2698,11,31,53,
2699,11,31,41,
2700,11,33,43,
2701,21,
2702,21,41,
2703,21,
2704,31,
2705,21,53,
2706,21,43,
2707,11,31,53,
2708,31,43,
2709,11,31,43,
2710,11,23,53,
2711,11,
2712,11,
2713,11,53,
2714,11,43,
2715,11,31,
2716,11,31,41,
2717,41,
2718,31,41,
2719,31,41,
2720,21,33,41,
2721,21,33,
2722,21,41,
2723,21,33,41,
2724,33,43,
2725,11,33,43,
2726,11,23,33,
2727,11,33,41,
2728,11,33,
2729,11,33,41,
2730,31,43,
2731,31,43,
2732,21,31,43,
2733,31,43,
2734,31,43,
2735,21,31,43,
2736,43,
2737,31,43,
2738,43,
2739,11,31,43,
2740,11,31,43,
2742,43,
2743,11,31,41,
2744,11,23,41,
2745,11,23,
2746,11,41,
2747,11,41,
2748,13,21,43,
2749,13,43,
2750,13,21,
2751,13,43,
2752,21,
2753,43,
2754,21,53,
2755,21,43,
2756,33,41,
2757,21,53,
2758,21,43,
2759,11,23,43,
2760,11,43,
2761,11,43,
2762,11,33,
2763,11,33,43,
2764,21,
2765,41,
2766,33,41,
2767,21,33,
2768,21,33,
2769,33,41,
2770,21,33,53,
2771,21,33,41,
2772,21,33,53,
2773,11,23,33,
2774,11,33,
2775,11,33,
2776,11,33,53,
2777,11,33,41,
2778,11,33,53,
2779,33,43,
2780,21,31,53,
2781,31,
2782,21,31,41,
2783,31,41,
2784,31,41,
2785,13,21,
2786,13,21,
2787,13,21,53,
2788,13,21,43,
2789,21,31,53,
2790,13,21,41,
2791,13,21,
2792,21,
2793,21,41,
2794,21,
2795,21,31,
2796,21,53,
2797,21,43,
2798,21,41,
2799,11,23,31,
2800,11,23,53,
2801,11,23,41,
2802,11,23,53,
2803,11,31,53,
2804,11,31,41,
2805,11,53,
2806,11,
2807,11,33,53,
2808,11,33,43,
2809,11,31,53,
2810,11,31,43,
2811,21,
2812,41,
2813,21,
2814,21,41,
2815,21,31,53,
2816,31,43,
2817,31,43,
2818,31,43,
2819,31,43,
2820,11,31,43,
2821,11,23,
2822,11,23,53,
2823,11,43,
2824,11,53,
2825,11,43,
2826,11,
2827,11,31,41,
2828,11,31,
2829,11,31,41,
2830,13,31,41,
2831,31,41,
2832,21,33,41,
2833,33,43,
2834,33,43,
2835,33,43,
2836,11,33,41,
2837,11,23,33,
2838,11,33,41,
2839,21,31,43,
2840,31,43,
2841,31,43,
2842,21,31,43,
2843,43,
2844,31,43,
2845,43,
2846,21,
2847,43,
2848,21,
2849,43,
2850,11,31,43,
2851,11,31,43,
2852,11,31,43,
2853,21,53,
2854,43,
2855,31,41,
2856,11,31,41,
2857,11,23,41,
2858,13,21,
2859,13,43,
2860,13,21,53,
2861,13,21,43,
2862,13,33,41,
2863,21,53,
2864,21,43,
2865,21,
2866,41,
2867,33,41,
2868,21,
2869,11,23,43,
2870,11,23,43,
2871,11,43,
2872,11,
2873,11,33,53,
2874,11,33,43,
2876,21,
2877,41,
2878,41,
2879,21,33,53,
2880,21,33,41,
2881,21,33,53,
2882,21,33,43,
2883,11,23,33,
2884,11,23,33,
2885,11,33,53,
2886,11,33,41,
2887,11,33,53,
2888,11,33,43,
2889,33,43,
2890,11,31,41,
2891,21,31,53,
2892,21,31,53,
2893,21,31,
2894,31,41,
2895,13,31,41,
2896,31,41,
2897,13,21,
2898,13,21,41,
2899,13,21,
2900,21,31,
2901,13,21,53,
2902,13,21,43,
2903,13,21,41,
2904,21,
2905,21,41,
2906,21,
2907,21,41,
2908,21,31,53,
2909,21,31,43,
2910,11,23,31,53,
2911,11,23,31,41,
2912,11,23,53,
2913,11,
2914,11,31,53,
2915,11,
2916,11,53,
2917,11,43,
2918,11,33,
2919,11,31,
2920,11,31,43,
2921,21,31,
2922,21,41,
2923,21,
2924,11,33,41,
2925,41,
2926,13,31,43,
2927,31,43,
2928,31,43,
2929,31,43,
2930,31,43,
2931,31,43,
2932,11,31,43,
2933,11,23,53,
2934,11,23,43,
2935,11,23,
2936,11,
2937,11,41,
2938,11,
2939,11,31,41,
2940,13,31,41,
2941,33,43,
2942,33,43,
2943,33,43,
2944,33,
2945,33,43,
2946,11,33,41,
2947,11,33,41,
2948,21,31,43,
2949,43,
2950,31,43,
2951,43,
2952,21,
2953,43,
2954,21,
2955,43,
2956,21,53,
2957,21,43,
2958,31,41,
2959,21,53,
2960,21,43,
2961,11,23,31,43,
2962,11,31,43,
2963,11,31,
2964,11,31,43,
2965,21,
2966,41,
2967,31,41,
2968,13,21,53,
2969,13,21,43,
2970,13,21,
2971,13,41,
2972,13,33,41,
2973,21,
2974,21,
2975,21,
2976,41,
2977,41,
2978,21,
2979,21,
2980,11,23,43,
2981,11,23,
2982,11,
2983,11,53,
2984,11,43,
2985,11,33,
2986,11,33,41,
2987,21,53,
2988,41,
2989,41,
2990,21,33,53,
2991,21,33,43,
2992,21,33,43,
2993,11,23,33,53,
2994,11,23,33,41,
2995,11,33,53,
2996,11,33,43,
2997,11,33,43,
2998,11,31,
2999,11,31,41,
3000,21,31,
3001,21,31,53,
3002,31,53,
3003,13,21,31,
3004,21,31,41,
3005,13,31,41,
3006,13,21,
3007,13,21,41,
3008,13,21,
3009,13,21,41,
3010,21,31,53,
3011,21,31,43,
3012,21,31,
3013,21,41,
3014,21,
3015,21,41,
3016,11,33,43,
3017,11,23,31,53,
3018,11,23,
3019,11,23,53,
3020,11,43,
3021,11,31,
3022,11,53,
3023,11,43,
3024,11,
3025,11,33,41,
3026,11,33,
3027,11,31,53,
3028,11,31,43,
3029,31,41,
3030,21,31,
3031,21,41,
3032,11,33,41,
3033,13,31,43,
3034,13,31,43,
3035,21,31,43,
3036,31,43,
3037,31,43,
3038,11,31,43,
3039,31,43,
3040,43,
3041,31,43,
3042,11,23,
3043,11,41,
3044,11,23,
3045,11,41,
3046,11,
3047,11,41,
3048,33,43,
3049,33,43,
3050,33,43,
3051,21,33,
3052,33,43,
3053,11,33,43,
3054,21,33,53,
3055,33,43,
3056,33,41,
3057,11,33,41,
3058,43,
3059,21,
3060,43,
3061,21,
3062,43,
3063,21,53,
3064,21,43,
3065,31,41,
3066,21,53,
3067,21,43,
3068,21,
3069,41,
3070,31,41,
3071,21,
3072,11,23,31,43,
3073,11,
3074,11,31,53,
3075,11,31,43,
3077,21,
3078,41,
3079,41,
3080,13,21,
3081,13,21,
3082,13,21,
3083,13,41,
3084,13,41,
3085,21,
3086,21,
3087,21,53,
3088,21,41,
3089,41,
3090,21,53,
3091,21,41,
3092,11,23,
3093,11,23,53,
3094,11,23,43,
3095,11,53,
3096,11,43,
3097,11,
3098,11,33,
3099,11,33,
3100,11,33,41,
3101,53,
3102,21,33,43,
3103,21,33,43,
3104,11,23,33,53,
3105,11,33,43,
3106,11,33,43,
3107,11,31,
3108,11,31,53,
3109,11,31,41,
3110,31,
3111,21,31,53,
3112,21,31,43,
3113,13,21,31,53,
3114,21,31,53,
3115,11,31,53,
3116,13,21,31,41,
3117,21,31,
3118,13,21,41,
3119,13,21,
3120,13,21,41,
3121,21,31,41,
3122,21,31,
3123,21,41,
3124,33,43,
3125,11,33,43,
3126,11,31,
3127,11,23,53,
3128,11,23,43,
3129,11,23,
3130,11,31,53,
3131,11,31,43,
3132,11,
3133,11,41,
3134,11,
3135,11,33,41,
3136,11,31,
3137,11,31,41,
3138,31,41,
3139,13,21,31,43,
3140,13,31,43,
3141,13,31,43,
3142,21,31,43,
3143,43,
3144,31,43,
3145,43,
3146,11,31,43,
3147,11,31,43,
3149,43,
3150,11,31,41,
3151,11,23,41,
3152,11,23,
3153,11,41,
3154,11,41,
3155,33,43,
3156,33,43,
3157,21,33,
3158,33,43,
3159,21,33,53,
3160,21,33,43,
3161,33,41,
3162,11,33,
3163,11,33,43,
3164,21,33,
3165,33,41,
3166,33,41,
3167,21,
3168,43,
3169,21,53,
3170,21,43,
3171,31,41,
3172,21,53,
3173,21,43,
3174,21,
3175,41,
3176,31,41,
3177,21,
3178,21,
3179,21,
3180,41,
3181,41,
3182,21,
3183,21,
3184,11,23,
3185,11,
3186,11,53,
3187,11,43,
3188,11,31,
3189,11,31,41,
3190,21,53,
3191,41,
3192,41,
3193,13,21,
3194,13,21,
3195,13,21,53,
3196,13,21,41,
3197,13,41,
3198,21,53,
3199,21,41,
3200,21,53,
3201,21,53,
3202,11,23,53,
3203,11,23,43,
3204,11,23,
3205,11,
3206,11,
3207,11,
3208,11,33,53,
3209,11,33,41,
3210,11,33,53,
3211,43,
3212,21,33,43,
3213,11,33,43,
3214,11,33,43,
3215,11,23,31,
3216,11,31,53,
3217,11,31,41,
3218,11,31,53,
3219,11,31,43,
3220,21,31,
3221,21,31,
3222,21,31,53,
3223,31,43,
3224,13,21,31,53,
3225,21,31,41,
3226,21,31,
3227,13,21,41,
3228,21,31,41,
3229,33,43,
3230,43,
3231,33,43,
3232,11,31,43,
3233,11,23,31,53,
3234,11,31,43,
3235,11,23,
3236,11,41,
3237,11,23,
3238,11,31,
3239,11,41,
3240,11,
3241,11,41,
3242,11,31,41,
3243,11,31,
3244,11,31,41,
3245,13,21,31,43,
3246,13,43,
3247,13,31,43,
3248,43,
3249,21,
3250,43,
3251,21,
3252,43,
3253,11,31,43,
3254,11,31,43,
3255,11,31,43,
3256,21,53,
3257,43,
3258,31,41,
3259,11,31,41,
3260,11,23,41,
3261,21,33,
3262,33,43,
3263,21,33,53,
3264,21,33,43,
3265,33,41,
3266,21,33,
3267,33,41,
3268,33,41,
3269,11,33,
3270,11,33,53,
3271,11,33,43,
3272,33,
3273,21,33,
3274,33,41,
3275,21,53,
3276,21,43,
3277,21,
3278,41,
3279,31,41,
3280,21,
3281,21,
3282,21,
3283,41,
3284,41,
3285,21,
3286,21,
3287,21,53,
3288,21,41,
3289,41,
3290,21,53,
3291,21,41,
3292,11,23,
3293,11,23,53,
3294,11,23,43,
3295,11,53,
3296,11,43,
3297,11,
3298,11,31,
3299,11,31,
3300,11,31,41,
3301,53,
3302,13,21,53,
3303,13,21,41,
3304,13,21,53,
3305,21,53,
3306,21,43,
3307,21,43,
3308,11,23,
3309,11,23,
3310,11,23,
3311,11,
3312,11,
3313,11,53,
3314,11,41,
3315,11,33,53,
3316,11,33,43,
3317,43,
3318,11,33,43,
3319,11,33,43,
3320,11,23,31,53,
3321,11,23,31,41,
3322,11,31,53,
3323,11,31,
3324,11,31,43,
3325,21,31,
3326,21,31,41,
3327,21,31,
3328,13,21,31,
3329,21,31,53,
3330,21,31,43,
3331,21,31,41,
3332,13,33,43,
3333,43,
3334,33,43,
3335,43,
3337,43,
3338,31,43,
3339,11,31,43,
3340,11,33,41,
3341,11,23,31,
3342,11,23,41,
3343,11,23,
3344,11,41,
3345,11,31,41,
3346,11,31,
3347,11,41,
3348,11,31,41,
3349,13,43,
3350,13,21,
3351,13,43,
3352,21,
3353,43,
3354,21,53,
3355,21,43,
3356,31,41,
3357,21,53,
3358,21,43,
3359,11,23,31,43,
3360,11,31,43,
3361,11,31,
3362,11,31,43,
3363,21,
3364,41,
3365,31,41,
3366,21,33,53,
3367,21,33,43,
3368,33,41,
3369,21,33,
3370,33,41,
3371,33,41,
3372,21,33,
3373,21,33,
3374,33,41,
3375,11,23,33,
3376,11,33,53,
3377,11,33,43,
3378,11,33,
3379,11,33,41,
3380,21,33,53,
3381,33,41,
3382,21,
3383,21,
3384,21,
3385,41,
3386,41,
3387,21,
3388,21,
3389,21,53,
3390,21,41,
3391,41,
3392,21,53,
3393,21,41,
3394,21,53,
3395,21,53,
3396,11,23,53,
3397,11,23,43,
3398,11,23,
3399,11,
3400,11,
3401,11,
3402,11,31,53,
3403,11,31,41,
3404,11,31,53,
3405,43,
3406,13,21,53,
3407,13,21,43,
3408,21,43,
3409,21,43,
3410,21,43,
3411,11,23,
3412,11,23,
3413,11,23,53,
3414,11,23,41,
3415,11,53,
3416,11,41,
3417,11,53,
3418,11,33,43,
3419,11,33,43,
3420,33,43,
3421,11,33,43,
3422,11,23,31,53,
3423,11,31,
3424,11,31,53,
3425,11,31,43,
3426,21,31,
3427,31,41,
3428,21,31,
3429,21,31,41,
3430,13,21,31,53,
3431,13,21,31,43,
3432,13,43,
3433,13,33,43,
3434,43,
3435,21,
3436,43,
3437,31,43,
3438,21,
3439,43,
3440,11,33,43,
3441,21,53,
3442,43,
3443,33,41,
3444,31,43,
3445,31,43,
3446,11,33,41,
3447,11,31,41,
3448,11,23,31,
3449,11,23,41,
3450,11,31,41,
3451,13,21,
3452,13,43,
3453,13,21,53,
3454,13,21,43,
3455,13,31,41,
3456,21,53,
3457,21,43,
3458,21,
3459,41,
3460,31,41,
3461,21,
3462,11,23,31,43,
3463,11,
3464,11,31,53,
3465,11,31,43,
3467,21,
3468,41,
3469,41,
3470,21,33,
3471,33,41,
3472,33,41,
3473,21,33,
3474,21,33,
3475,33,41,
3476,21,33,53,
3477,21,33,41,
3478,11,23,33,53,
3479,11,23,33,43,
3480,11,33,
3481,11,33,
3482,11,33,
3483,11,33,41,
3484,33,53,
3485,21,
3486,21,
3487,21,53,
3488,21,41,
3489,41,
3490,21,53,
3491,21,41,
3492,21,53,
3493,21,53,
3494,21,43,
3495,21,43,
3496,11,23,
3497,11,23,
3498,11,23,
3499,11,
3500,11,
3501,11,53,
3502,11,41,
3503,11,31,53,
3504,11,31,43,
3505,43,
3506,13,21,43,
3507,13,21,43,
3508,21,43,
3509,11,23,53,
3510,11,23,41,
3511,11,23,53,
3512,11,53,
3513,11,43,
3514,11,33,43,
3515,33,43,
3516,33,43,
3517,33,43,
3518,11,31,
3519,11,31,53,
3520,11,31,43,
3521,11,31,
3522,13,21,31,
3523,21,31,41,
3524,21,31,
3525,11,31,41,
3526,31,41,
3527,13,43,
3528,13,21,
3529,13,43,
3530,31,43,
3531,21,
3532,43,
3533,21,53,
3534,21,43,
3535,33,41,
3536,31,
3537,31,43,
3538,21,53,
3539,21,43,
3540,11,33,
3541,11,33,43,
3542,21,
3543,41,
3544,33,41,
3545,31,43,
3546,31,43,
3547,11,31,41,
3548,11,31,41,
3549,13,21,53,
3550,13,21,43,
3551,13,21,
3552,13,41,
3553,13,31,41,
3554,21,
3555,21,
3556,21,
3557,41,
3558,41,
3559,21,
3560,21,
3561,11,23,
3562,11,
3563,11,53,
3564,11,43,
3565,11,31,
3566,11,31,41,
3567,21,53,
3568,41,
3569,41,
3570,21,33,
3571,21,33,
3572,33,41,
3573,21,33,53,
3574,21,33,41,
3575,21,33,53,
3576,11,23,33,
3577,11,33,
3578,11,33,
3579,11,33,53,
3580,11,33,41,
3581,11,33,53,
3582,33,43,
3583,21,53,
3584,21,41,
3585,21,53,
3586,21,53,
3587,21,43,
3588,21,43,
3589,21,43,
3590,21,43,
3591,11,23,
3592,11,23,
3593,11,23,53,
3594,11,23,41,
3595,11,53,
3596,11,41,
3597,11,53,
3598,11,31,43,
3599,11,31,43,
3600,13,21,43,
3601,11,23,53,
3602,11,43,
3603,11,43,
3604,11,43,
3605,33,43,
3606,33,43,
3607,33,43,
3608,21,33,43,
3609,33,43,
3610,11,31,43,
3611,11,23,31,53,
3612,11,31,43,
3613,11,31,
3614,11,31,41,
3615,11,31,
3616,13,21,31,41,
3617,13,21,31,
3618,21,31,41,
3619,11,31,41,
3620,31,43,
3621,13,21,
3622,13,43,
3623,13,21,53,
3624,13,21,43,
3625,13,33,41,
3626,21,31,
3627,31,43,
3628,21,53,
3629,21,43,
3630,21,
3631,41,
3632,33,41,
3633,11,31,43,
3634,21,31,53,
3635,31,43,
3636,21,
3637,11,
3638,11,33,53,
3639,11,33,43,
3641,21,
3642,41,
3643,41,
3644,31,43,
3645,31,43,
3646,31,41,
3647,11,31,41,
3648,13,21,
3649,13,21,
3650,13,21,
3651,13,41,
3652,13,41,
3653,21,
3654,21,
3655,21,53,
3656,21,41,
3657,41,
3658,21,53,
3659,21,41,
3660,11,23,
3661,11,23,53,
3662,11,23,43,
3663,11,53,
3664,11,43,
3665,11,
3666,11,31,
3667,11,31,
3668,11,31,41,
3669,53,
3670,21,33,53,
3671,21,33,41,
3672,21,33,53,
3673,21,33,43,
3674,11,23,33,
3675,11,23,33,
3676,11,33,53,
3677,11,33,41,
3678,11,33,53,
3679,11,33,43,
3680,33,43,
3681,21,53,
3682,21,43,
3683,21,43,
3684,21,43,
3685,21,43,
3686,11,23,53,
3687,11,23,41,
3688,11,23,53,
3689,11,53,
3690,11,43,
3691,11,31,43,
3692,11,33,43,
3693,11,23,43,
3694,11,43,
3695,11,43,
3696,33,43,
3697,33,43,
3698,33,43,
3699,21,33,43,
3700,33,43,
3701,21,33,43,
3702,31,43,
3703,11,31,43,
3704,11,23,31,
3705,11,31,41,
3706,11,31,
3707,11,31,41,
3708,13,21,31,41,
3709,31,43,
3710,21,31,
3711,31,43,
3712,13,21,53,
3713,13,21,43,
3714,13,21,
3715,13,41,
3716,13,33,41,
3717,21,31,53,
3718,21,31,43,
3719,21,
3720,21,
3721,21,
3722,41,
3723,41,
3724,11,31,
3725,11,31,43,
3726,21,31,
3727,21,
3728,21,
3729,11,23,
3730,11,
3731,11,53,
3732,11,43,
3733,11,33,
3734,11,33,41,
3735,21,53,
3736,41,
3737,31,41,
3738,41,
3739,31,43,
3740,31,41,
3741,31,41,
3742,13,21,
3743,13,21,
3744,13,21,53,
3745,13,21,41,
3746,13,41,
3747,21,53,
3748,21,41,
3749,21,53,
3750,21,53,
3751,11,23,53,
3752,11,23,43,
3753,11,23,
3754,11,
3755,11,
3756,11,
3757,11,31,53,
3758,11,31,41,
3759,11,31,53,
3760,43,
3761,21,33,53,
3762,21,33,43,
3763,21,33,43,
3764,11,23,33,53,
3765,11,23,33,41,
3766,11,33,53,
3767,11,33,43,
3768,11,33,43,
3769,21,43,
3770,21,43,
3771,21,43,
3772,11,23,53,
3773,11,43,
3774,11,43,
3775,11,43,
3776,33,43,
3777,11,33,43,
3778,11,23,43,
3779,33,43,
3780,33,43,
3781,21,33,43,
3782,33,43,
3783,21,33,43,
3784,31,43,
3785,31,43,
3786,31,43,
3787,11,31,41,
3788,11,23,31,
3789,11,31,41,
3790,21,31,
3791,31,43,
3792,21,31,53,
3793,21,31,43,
3794,13,21,
3795,13,21,
3796,13,21,
3797,13,41,
3798,13,41,
3799,21,31,
3800,21,
3801,21,
3802,21,53,
3803,21,41,
3804,31,41,
3805,41,
3806,11,31,
3807,11,31,53,
3808,11,31,43,
3809,31,
3810,21,31,
3811,21,53,
3812,21,41,
3813,11,23,
3814,11,23,53,
3815,11,23,43,
3816,11,53,
3817,11,43,
3818,11,
3819,11,33,
3820,11,33,
3821,11,33,41,
3822,53,
3823,31,41,
3824,31,41,
3825,31,41,
3826,13,21,53,
3827,13,21,41,
3828,13,21,53,
3829,21,53,
3830,21,43,
3831,21,43,
3832,11,23,
3833,11,23,
3834,11,23,
3835,11,
3836,11,
3837,11,53,
3838,11,41,
3839,11,31,53,
3840,11,31,43,
3841,43,
3842,21,33,43,
3843,21,33,43,
3844,11,23,33,53,
3845,11,33,43,
3846,11,33,43,
3847,21,43,
3848,11,31,43,
3849,11,23,43,
3850,11,43,
3851,11,43,
3852,33,43,
3853,43,
3854,33,43,
3855,21,33,43,
3856,33,43,
3857,21,33,43,
3858,13,31,43,
3859,31,43,
3860,31,43,
3861,31,
3862,31,43,
3863,11,31,41,
3864,11,31,41,
3865,21,31,53,
3866,21,31,43,
3867,21,31,
3868,13,21,
3869,13,21,
3870,13,21,53,
3871,13,21,41,
3872,31,41,
3873,13,41,
3874,21,31,
3875,21,31,
3876,21,53,
3877,21,41,
3878,21,53,
3879,31,41,
3880,11,23,31,
3881,11,31,53,
3882,11,31,43,
3883,11,31,
3884,11,31,41,
3885,21,31,53,
3886,31,41,
3887,21,53,
3888,11,23,53,
3889,11,23,43,
3890,11,23,
3891,11,
3892,11,
3893,11,
3894,11,33,53,
3895,11,33,41,
3896,11,33,53,
3897,43,
3898,31,41,
3899,31,41,
3900,13,21,53,
3901,13,21,43,
3902,21,43,
3903,21,43,
3904,21,43,
3905,11,23,
3906,11,23,
3907,11,23,53,
3908,11,23,41,
3909,11,53,
3910,11,41,
3911,11,53,
3912,11,31,43,
3913,11,31,43,
3914,21,33,43,
3915,11,33,43,
3916,11,33,43,
3917,31,43,
3918,11,31,43,
3919,11,23,43,
3920,13,33,43,
3921,43,
3922,33,43,
3923,43,
3924,43,
3925,43,
3926,21,33,43,
3927,13,31,43,
3928,13,31,43,
3929,21,31,
3930,31,43,
3931,11,31,43,
3932,21,31,53,
3933,31,43,
3934,31,41,
3935,11,31,41,
3936,21,31,
3937,31,41,
3938,21,31,
3939,21,31,
3940,13,21,53,
3941,13,21,41,
3942,13,21,53,
3943,31,41,
3944,21,31,53,
3945,21,31,41,
3946,21,53,
3947,21,43,
3948,11,23,31,53,
3949,11,23,31,43,
3950,11,31,
3951,11,31,
3952,11,31,
3953,11,31,41,
3954,31,53,
3955,21,43,
3956,11,23,
3957,11,23,
3958,11,23,
3959,11,
3960,11,
3961,11,53,
3962,11,41,
3963,11,33,53,
3964,11,33,43,
3965,43,
3966,31,41,
3967,13,21,43,
3968,13,21,43,
3969,21,43,
3970,11,23,53,
3971,11,23,41,
3972,11,23,53,
3973,11,53,
3974,11,43,
3975,11,31,43,
3976,11,33,43,
3977,11,33,43,
3978,31,43,
3979,43,
3980,31,43,
3981,13,43,
3982,13,33,43,
3983,43,
3984,21,43,
3985,43,
3986,21,43,
3987,43,
3988,11,33,43,
3989,43,
3990,13,21,31,
3991,13,31,43,
3992,21,31,53,
3993,21,31,43,
3994,31,41,
3995,11,31,
3996,11,31,43,
3997,21,31,
3998,31,41,
3999,31,41,
4000,21,31,
4001,21,31,
4002,31,41,
4003,21,31,53,
4004,21,31,41,
4005,13,21,53,
4006,13,21,43,
4007,21,31,53,
4008,21,43,
4009,21,43,
4010,11,23,31,
4011,11,31,
4012,11,31,
4013,11,31,53,
4014,11,31,41,
4015,11,31,53,
4016,31,43,
4017,21,43,
4018,11,23,
4019,11,23,
4020,11,23,53,
4021,11,23,41,
4022,11,53,
4023,11,41,
4024,11,53,
4025,11,33,43,
4026,11,33,43,
4027,13,21,43,
4028,11,23,53,
4029,11,43,
4030,11,43,
4031,11,43,
4032,33,43,
4033,11,33,43,
4034,31,43,
4035,43,
4036,31,43,
4037,43,
4038,43,
4039,43,
4040,13,43,
4041,13,21,43,
4042,13,43,
4043,21,43,
4044,43,
4045,21,43,
4046,21,43,
4047,11,33,43,
4048,11,33,43,
4049,13,21,31,53,
4050,13,21,31,43,
4051,13,31,41,
4052,21,31,
4053,31,41,
4054,31,41,
4055,11,31,
4056,11,31,53,
4057,11,31,43,
4058,31,
4059,21,31,
4060,31,41,
4061,21,31,53,
4062,21,31,41,
4063,21,31,53,
4064,13,21,43,
4065,13,21,43,
4066,21,31,43,
4067,21,43,
4068,11,23,31,
4069,11,23,31,
4070,11,31,53,
4071,11,31,41,
4072,11,31,53,
4073,11,31,43,
4074,31,43,
4075,11,23,53,
4076,11,23,41,
4077,11,23,53,
4078,11,53,
4079,11,43,
4080,11,33,43,
4081,11,31,43,
4082,11,23,43,
4083,11,43,
4084,11,43,
4085,33,43,
4086,33,43,
4087,33,43,
4088,31,43,
4089,43,
4090,31,43,
4091,43,
4092,21,43,
4093,43,
4094,21,43,
4095,43,
4096,11,31,43,
4097,43,
4098,13,21,43,
4099,13,43,
4100,13,21,43,
4101,21,43,
4102,11,43,
4103,11,33,43,
4104,13,21,31,
4105,13,31,41,
4106,13,31,41,
4107,21,31,
4108,21,31,
4109,31,41,
4110,11,23,31,
4111,11,31,53,
4112,11,31,43,
4113,11,31,
4114,11,31,41,
4115,21,31,53,
4116,31,41,
4117,21,31,53,
4118,21,31,43,
4119,13,21,43,
4120,21,31,43,
4121,11,23,31,53,
4122,11,23,31,41,
4123,11,31,53,
4124,11,31,43,
4125,11,31,43,
4126,11,23,53,
4127,11,43,
4128,11,43,
4129,11,43,
4130,31,43,
4131,11,31,43,
4132,11,23,43,
4133,33,43,
4134,33,43,
4135,33,43,
4136,33,43,
4137,33,43,
4138,43,
4139,31,43,
4140,43,
4141,21,43,
4142,43,
4143,21,43,
4144,43,
4145,21,43,
4146,21,43,
4147,11,31,43,
4148,11,31,43,
4149,13,21,43,
4150,11,23,43,
4151,11,43,
4152,11,43,
4153,13,21,31,
4154,13,21,31,
4155,13,31,41,
4156,21,31,53,
4157,21,31,41,
4158,11,23,31,53,
4159,11,23,31,43,
4160,11,31,
4161,11,31,
4162,11,31,
4163,11,31,41,
4164,31,53,
4165,21,31,43,
4166,21,31,43,
4167,11,23,31,53,
4168,11,31,43,
4169,11,31,43,
4170,11,33,43,
4171,11,23,43,
4172,11,43,
4173,11,43,
4174,31,43,
4175,43,
4176,31,43,
4177,33,43,
4178,33,43,
4179,33,43,
4180,21,33,43,
4181,33,43,
4182,11,33,43,
4183,33,43,
4184,43,
4185,21,43,
4186,43,
4187,21,43,
4188,43,
4189,21,43,
4190,21,43,
4191,11,43,
4192,11,31,43,
4193,11,23,43,
4194,11,23,43,
4195,11,43,
4196,13,21,31,53,
4197,13,21,31,41,
4198,21,31,53,
4199,11,23,31,
4200,11,31,
4201,11,31,
4202,11,31,53,
4203,11,31,41,
4204,11,31,53,
4205,31,43,
4206,21,31,43,
4207,11,31,43,
4208,11,31,43,
4209,33,43,
4210,11,33,43,
4211,11,23,43,
4212,13,31,43,
4213,43,
4214,31,43,
4215,43,
4216,43,
4217,43,
4218,33,43,
4219,33,43,
4220,21,33,43,
4221,33,43,
4222,21,33,43,
4223,11,33,43,
4224,11,33,43,
4225,21,43,
4226,43,
4227,21,43,
4228,21,43,
4229,11,23,43,
4230,11,43,
4231,11,43,
4232,11,23,43,
4233,13,21,31,53,
4234,21,31,43,
4235,11,23,31,
4236,11,23,31,
4237,11,31,53,
4238,11,31,41,
4239,11,31,53,
4240,11,31,43,
4241,31,43,
4242,11,31,43,
4243,11,31,43,
4244,33,43,
4245,43,
4246,33,43,
4247,13,43,
4248,13,31,43,
4249,43,
4250,21,43,
4251,43,
4252,21,43,
4253,43,
4254,11,31,43,
4255,43,
4256,21,33,43,
4257,33,43,
4258,21,33,43,
4259,11,33,43,
4260,11,33,43,
4261,21,43,
4262,11,23,43,
4263,11,23,43,
4264,11,43,
4265,13,21,31,43,
4266,21,31,43,
4267,11,23,31,53,
4268,11,23,31,41,
4269,11,31,53,
4270,11,31,43,
4271,11,31,43,
4272,31,43,
4273,11,31,43,
4274,13,33,43,
4275,43,
4276,33,43,
4277,43,
4278,43,
4279,43,
4280,13,43,
4281,13,21,43,
4282,13,43,
4283,21,43,
4284,43,
4285,21,43,
4286,21,43,
4287,11,31,43,
4288,11,31,43,
4289,21,33,43,
4290,11,23,33,43,
4291,11,33,43,
4292,11,23,43,
4293,13,21,31,43,
4294,11,23,31,53,
4295,11,31,43,
4296,11,31,43,
4297,31,43,
4298,31,43,
4299,31,43,
4300,13,43,
4301,13,33,43,
4302,43,
4303,21,43,
4304,43,
4305,21,43,
4306,43,
4307,11,33,43,
4308,43,
4309,13,21,43,
4310,13,43,
4311,13,21,43,
4312,21,43,
4313,11,43,
4314,11,31,43,
4315,11,23,33,43,
4316,11,31,43,
4317,11,31,43,
4318,31,43,
4319,31,43,
4320,31,43,
4321,31,43,
4322,31,43,
4323,13,43,
4324,13,21,43,
4325,13,43,
4326,21,43,
4327,43,
4328,21,43,
4329,21,43,
4330,11,33,43,
4331,11,33,43,
4332,13,21,43,
4333,11,23,43,
4334,11,43,
4335,11,43,
4336,11,31,43,
4337,11,31,43,
4338,31,43,
4339,31,43,
4340,31,43,
4341,21,31,43,
4342,31,43,
4343,11,31,43,
4344,31,43,
4345,13,21,43,
4346,13,43,
4347,13,21,43,
4348,21,43,
4349,11,43,
4350,11,33,43,
4351,11,23,43,
4352,11,23,43,
4353,11,43,
4354,31,43,
4355,11,31,43,
4356,31,43,
4357,31,43,
4358,21,31,43,
4359,31,43,
4360,21,31,43,
4361,11,31,43,
4362,11,31,43,
4363,13,21,43,
4364,11,23,43,
4365,11,43,
4366,11,43,
4367,11,23,43,
4368,31,43,
4369,31,43,
4370,31,43,
4371,21,31,43,
4372,31,43,
4373,21,31,43,
4374,11,31,43,
4375,11,31,43,
4376,11,23,43,
4377,11,23,43,
4378,11,43,
4379,13,31,43,
4380,31,43,
4381,31,43,
4382,31,43,
4383,31,43,
4384,21,31,43,
4385,11,23,31,43,
4386,11,31,43,
4387,11,23,43,
4388,13,31,43,
4389,13,31,43,
4390,21,31,43,
4391,31,43,
4392,11,31,43,
4393,31,43,
4394,11,23,31,43,
4395,13,21,31,43,
4396,13,31,43,
4397,21,31,43,
4398,11,31,43,
4399,11,31,43,
4400,13,21,31,43,
4401,11,31,43,
4402,11,31,43,
4403,11,23,31,43,
4404,11,31,43,
4405,11,23,31,43,
